 beta REAL(total_wlkr_wt) Raw_AFQMC_Energy
  0.50 14140.7053664513005060   -63.9370536056826069
  1.00 13787.1295103543779987   -63.9418784072301634
  1.50 14105.7631265767904551   -63.9189267591830514
  2.00 12690.4311440798082913   -63.9315339895535786
  2.50 13907.0622047294236836   -63.9277424424786176
  3.00 14009.3722709141511586   -63.9263037649244836
  3.50 13955.5623978287767386   -63.9252414309056363
  4.00 13893.8278791687225748   -63.9186226043828611
  4.50 13972.7117458783832262   -63.9382344480631488
  5.00 13906.1557494766475429   -63.9260888811960797
  5.50 13874.3107031545860082   -63.9178149879784030
  6.00 13828.6502992863606778   -63.9179605412380880
  6.50 13894.0495368061674526   -63.9210235240939824
  7.00 13902.3741972153802635   -63.9175575414412549
  7.50 13951.3700794934356963   -63.9249420068200891
  8.00 14008.2143482839310309   -63.9183980361390738
  8.50 13993.0541823710227618   -63.9253027666689064
  9.00 13977.3646660929844074   -63.9192404891240429
  9.50 13889.6203442659170832   -63.9005153805997566
 10.00 13880.8322696707982686   -63.9268052193982612
 10.50 13922.3754347932517703   -63.9194016741427902
 11.00 13907.6286130617336312   -63.9219449017310737
 11.50 13995.4361944419688371   -63.9132481318972054
 12.00 13984.2393797788554366   -63.9224225069353622
 12.50 13847.8517109082604293   -63.9035154389215165
 13.00 13983.8888094305712002   -63.9212459690641452
 13.50 14022.4800403223853209   -63.9260849100323441
 14.00 13932.5391799239332613   -63.9144100496268450
 14.50 13916.4109642182302196   -63.9121535816737349
 15.00 13969.4943474846022582   -63.9155634635106082
 15.50 13960.2785483745537931   -63.9162639583321024
 16.00 14011.9383548009827791   -63.9156995919391449
 16.50 13811.1672761154586624   -63.9082852285128951
 17.00 14017.3687788689258014   -63.9244933110738813
 17.50 13936.5771883210763917   -63.9257586380231047
 18.00 13910.9442725576300290   -63.9201053250167774
 18.50 13883.6586992631382600   -63.9142174385057444
 19.00 13871.6845936995305237   -63.9071567970798498
 19.50 13981.0443072390989983   -63.9160281372504073
 20.00 13950.0014415108635148   -63.9348595123017631
 20.50 13887.9201833387342049   -63.9132993167057322
 21.00 13967.4752732629931415   -63.9221063474719813
 21.50 13959.2062278122321004   -63.9125954762129282
 22.00 13920.1446691204473609   -63.9056150766026647
 22.50 13900.0506665564571449   -63.9098392371029007
 23.00 13949.9386033875052817   -63.9013686230192590
 23.50 13919.3120181972371938   -63.9081101335787025
 24.00 13990.6872094223945169   -63.9125739798459520
 24.50 14032.3740344656162051   -63.8992252548665292
 25.00 13902.7310813693602540   -63.9202976810757164
