Convergence at step 68
  0      1.06460023
  1      0.99139466
  2      0.94122212
  3      0.89351970
  4      0.84757413
  5      0.80276420
  6      0.75989494
  7      0.71918819
  8      0.68041397
  9      0.64350920
 10      0.60813471
 11      0.57446762
 12      0.54230276
 13      0.51154103
 14      0.48211266
 15      0.45420899
 16      0.42734126
 17      0.40134856
 18      0.37614476
 19      0.35240715
 20      0.33007461
 21      0.30887713
 22      0.28865602
 23      0.26972944
 24      0.25206309
 25      0.23557025
 26      0.22011975
 27      0.20576301
 28      0.19261529
 29      0.18046813
 30      0.16936342
 31      0.15932907
 32      0.15032722
 33      0.14226621
 34      0.13516103
 35      0.12895696
 36      0.12341786
 37      0.11853848
 38      0.11421931
 39      0.11032518
 40      0.10628241
 41      0.10215572
 42      0.09773090
 43      0.09306585
 44      0.08826426
 45      0.08357568
 46      0.07847791
 47      0.07332467
 48      0.06814906
 49      0.06301257
 50      0.05788553
 51      0.05275660
 52      0.04771251
 53      0.04274845
 54      0.03806878
 55      0.03342484
 56      0.02899773
 57      0.02487338
 58      0.02102574
 59      0.01744356
 60      0.01401498
 61      0.01100823
 62      0.00845596
 63      0.00624319
 64      0.00425067
 65      0.00280630
 66      0.00182433
 67      0.00109566
 68      0.00052539
 69      0.00028570
 70      0.00059402
 71      0.00039632
 72      0.00041073
 73      0.00041234
 74      0.00093898
 75      0.00006616
 76      0.00051580
 77      0.00067991
 78      0.00044877
 79      0.00032833
 80      0.00083911
 81      0.00038771
 82      0.00031859
 83      0.00015784
 84      0.00031913
 85      0.00033447
 86      0.00011035
 87      0.00032705
 88      0.00024407
 89      0.00044235
 90      0.00023489
 91      0.00056591
 92      0.00049095
 93      0.00022544
