Convergence at step 67
  0      1.06460023
  1      0.99139466
  2      0.94121947
  3      0.89350598
  4      0.84757981
  5      0.80282916
  6      0.75996049
  7      0.71924077
  8      0.68044406
  9      0.64354656
 10      0.60819473
 11      0.57454364
 12      0.54239134
 13      0.51160824
 14      0.48216697
 15      0.45422571
 16      0.42733503
 17      0.40131320
 18      0.37610060
 19      0.35237526
 20      0.33003387
 21      0.30886511
 22      0.28865912
 23      0.26967335
 24      0.25192971
 25      0.23537325
 26      0.21991471
 27      0.20558069
 28      0.19235931
 29      0.18013359
 30      0.16896447
 31      0.15888665
 32      0.14984514
 33      0.14173757
 34      0.13452190
 35      0.12812849
 36      0.12257931
 37      0.11772206
 38      0.11323847
 39      0.10899904
 40      0.10456785
 41      0.10014977
 42      0.09561310
 43      0.09083284
 44      0.08597497
 45      0.08101617
 46      0.07600014
 47      0.07079643
 48      0.06552158
 49      0.06028222
 50      0.05522397
 51      0.05013297
 52      0.04508387
 53      0.04020343
 54      0.03546696
 55      0.03097190
 56      0.02661215
 57      0.02255750
 58      0.01885752
 59      0.01537280
 60      0.01225505
 61      0.00933212
 62      0.00711367
 63      0.00505863
 64      0.00333980
 65      0.00201991
 66      0.00114150
 67      0.00044803
 68      0.00031336
 69      0.00063202
 70      0.00031542
 71      0.00018033
 72      0.00078703
 73      0.00052791
 74      0.00082374
 75      0.00024052
 76      0.00090043
 77      0.00086557
 78      0.00015208
 79      0.00081486
 80      0.00013896
 81      0.00073315
 82      0.00043151
 83      0.00020533
 84      0.00022205
 85      0.00021971
 86      0.00020933
 87      0.00038900
 88      0.00016255
 89      0.00045116
 90      0.00035139
 91      0.00034657
 92      0.00031701
