Convergence at step 69
  0      1.06460023
  1      0.99139466
  2      0.94121683
  3      0.89348947
  4      0.84755218
  5      0.80276198
  6      0.75987157
  7      0.71913536
  8      0.68032763
  9      0.64338963
 10      0.60802409
 11      0.57438730
 12      0.54224830
 13      0.51148188
 14      0.48205645
 15      0.45413603
 16      0.42724480
 17      0.40124027
 18      0.37601087
 19      0.35227202
 20      0.32994202
 21      0.30879715
 22      0.28860991
 23      0.26970940
 24      0.25199147
 25      0.23544776
 26      0.21999058
 27      0.20563106
 28      0.19238585
 29      0.18018772
 30      0.16903344
 31      0.15895758
 32      0.14987313
 33      0.14177890
 34      0.13463373
 35      0.12834821
 36      0.12299810
 37      0.11818643
 38      0.11392410
 39      0.11016907
 40      0.10631658
 41      0.10213488
 42      0.09783726
 43      0.09331907
 44      0.08856745
 45      0.08368506
 46      0.07862849
 47      0.07349072
 48      0.06830151
 49      0.06306588
 50      0.05785895
 51      0.05273083
 52      0.04767409
 53      0.04268201
 54      0.03784186
 55      0.03325901
 56      0.02886784
 57      0.02465854
 58      0.02070284
 59      0.01698593
 60      0.01372682
 61      0.01083815
 62      0.00831499
 63      0.00603355
 64      0.00403386
 65      0.00252136
 66      0.00172407
 67      0.00137941
 68      0.00067210
 69      0.00012514
 70      0.00036509
 71      0.00049792
 72      0.00048945
 73      0.00065645
 74      0.00040736
 75      0.00044444
 76      0.00022943
 77      0.00027328
 78      0.00015100
 79      0.00032464
 80      0.00056575
 81      0.00011822
 82      0.00059049
 83      0.00009095
 84      0.00065068
 85      0.00046608
 86      0.00029852
 87      0.00095518
 88      0.00036457
 89      0.00047949
 90      0.00052589
 91      0.00022068
 92      0.00098012
 93      0.00061306
 94      0.00034967
