Convergence at step 73
  0      1.06460023
  1      0.99139466
  2      0.94121349
  3      0.89347275
  4      0.84752001
  5      0.80272312
  6      0.75987078
  7      0.71916818
  8      0.68039031
  9      0.64348711
 10      0.60810841
 11      0.57440378
 12      0.54226917
 13      0.51151061
 14      0.48209310
 15      0.45418049
 16      0.42731829
 17      0.40129477
 18      0.37611567
 19      0.35239546
 20      0.33004998
 21      0.30884346
 22      0.28862343
 23      0.26961608
 24      0.25186353
 25      0.23530700
 26      0.21984293
 27      0.20548104
 28      0.19221008
 29      0.18000363
 30      0.16889099
 31      0.15880966
 32      0.14977961
 33      0.14176499
 34      0.13463417
 35      0.12831336
 36      0.12275876
 37      0.11782511
 38      0.11332543
 39      0.10888506
 40      0.10448104
 41      0.09988883
 42      0.09502615
 43      0.09014321
 44      0.08514606
 45      0.07991983
 46      0.07469216
 47      0.06965720
 48      0.06437746
 49      0.05915539
 50      0.05402332
 51      0.04889465
 52      0.04383233
 53      0.03902532
 54      0.03434533
 55      0.02985327
 56      0.02573616
 57      0.02177221
 58      0.01798124
 59      0.01454214
 60      0.01139776
 61      0.00875766
 62      0.00636393
 63      0.00447905
 64      0.00278622
 65      0.00167274
 66      0.00102096
 67      0.00072968
 68      0.00045746
 69      0.00047891
 70      0.00045107
 71      0.00063781
 72      0.00114775
 73      0.00059745
 74      0.00030308
 75      0.00020562
 76      0.00037857
 77      0.00033345
 78      0.00055195
 79      0.00055995
 80      0.00082960
 81      0.00101160
 82      0.00049157
 83      0.00038297
 84      0.00132273
 85      0.00082117
 86      0.00052779
 87      0.00045962
 88      0.00055024
 89      0.00104990
 90      0.00067635
 91      0.00126255
 92      0.00091508
 93      0.00031749
 94      0.00011919
 95      0.00012495
 96      0.00020858
 97      0.00013843
 98      0.00072286
