Convergence at step 66
  0      1.06460023
  1      0.99139466
  2      0.94124717
  3      0.89353849
  4      0.84758331
  5      0.80278086
  6      0.75994207
  7      0.71921984
  8      0.68042192
  9      0.64352120
 10      0.60817815
 11      0.57452155
 12      0.54237538
 13      0.51161521
 14      0.48218175
 15      0.45426456
 16      0.42737470
 17      0.40136115
 18      0.37616683
 19      0.35242142
 20      0.33007175
 21      0.30889540
 22      0.28866209
 23      0.26969786
 24      0.25199049
 25      0.23546187
 26      0.21999449
 27      0.20564096
 28      0.19238779
 29      0.18014769
 30      0.16898200
 31      0.15889796
 32      0.14978908
 33      0.14167657
 34      0.13445874
 35      0.12809751
 36      0.12241022
 37      0.11743809
 38      0.11302191
 39      0.10883222
 40      0.10434953
 41      0.09992182
 42      0.09522686
 43      0.09034478
 44      0.08540343
 45      0.08024622
 46      0.07504892
 47      0.06985588
 48      0.06458097
 49      0.05942556
 50      0.05434968
 51      0.04927948
 52      0.04430228
 53      0.03955468
 54      0.03484546
 55      0.03029773
 56      0.02603947
 57      0.02197787
 58      0.01820230
 59      0.01475246
 60      0.01164097
 61      0.00886731
 62      0.00631574
 63      0.00430776
 64      0.00276648
 65      0.00150065
 66      0.00086745
 67      0.00067454
 68      0.00173596
 69      0.00089467
 70      0.00133366
 71      0.00038174
 72      0.00022580
 73      0.00075772
 74      0.00041368
 75      0.00032651
 76      0.00096580
 77      0.00063061
 78      0.00009005
 79      0.00039019
 80      0.00048274
 81      0.00038593
 82      0.00078282
 83      0.00037162
 84      0.00055436
 85      0.00054488
 86      0.00009662
 87      0.00040622
 88      0.00014556
 89      0.00016433
 90      0.00033803
 91      0.00079075
 92      0.00041301
 93      0.00064421
 94      0.00038761
 95      0.00073998
 96      0.00063225
