Convergence at step 5
  0     1.06460023
  1     0.61151016
  2     0.36620704
  3     0.22513217
  4     0.13076170
  5     0.12752620
  6     0.14287441
  7     0.14037847
  8     0.13427057
  9     0.17591038
 10     0.11720020
 11     0.15055828
 12     0.11160724
 13     0.10922301
 14     0.09223133
 15     0.08056034
 16     0.11679530
 17     0.11657569
 18     0.14851694
 19     0.13929229
 20     0.09584941
 21     0.12763558
 22     0.13325359
 23     0.12230228
 24     0.10868885
 25     0.12030571
 26     0.16618994
 27     0.24367249
 28     0.13729619
 29     0.12544017
 30     0.11203617
 31     0.13796888
 32     0.12852304
 33     0.13383692
 34     0.14111444
 35     0.14592040
