Convergence at step 6
  0     0.00934596
  1     0.00642028
  2     0.00430271
  3     0.00270045
  4     0.00164512
  5     0.00071720
  6     0.00050313
  7     0.00039077
  8     0.00057023
  9     0.00022350
 10     0.00039180
 11     0.00014194
 12     0.00076229
 13     0.00034793
 14     0.00097083
 15     0.00015359
 16     0.00081801
 17     0.00015295
 18     0.00003926
 19     0.00062823
 20     0.00009803
 21     0.00023149
 22     0.00018483
 23     0.00034226
 24     0.00041773
 25     0.00014295
 26     0.00059961
 27     0.00051549
 28     0.00008693
 29     0.00063030
 30     0.00041748
 31     0.00042319
 32     0.00050138
 33     0.00035931
 34     0.00016339
 35     0.00040698
