Convergence at step 5
  0     1.06460023
  1     0.61151016
  2     0.33811540
  3     0.19781776
  4     0.12341613
  5     0.10268957
  6     0.11606136
  7     0.10198867
  8     0.09482457
  9     0.12603542
 10     0.05761957
 11     0.04363721
 12     0.06987994
 13     0.04525105
 14     0.03361568
 15     0.06385012
 16     0.00918934
 17     0.09282089
 18     0.02346263
 19     0.02359852
 20     0.07208396
 21     0.05156345
 22     0.03027155
 23     0.03312123
 24     0.06364139
 25     0.05644876
 26     0.12939124
 27     0.07523541
 28     0.11134713
 29     0.07884443
 30     0.05713394
 31     0.06642299
 32     0.06381108
 33     0.04740853
 34     0.06190424
 35     0.06944001
 36     0.03716577
 37     0.04126909
 38     0.04611069
 39     0.05999288
 40     0.04375679
 41     0.03372695
 42     0.06035658
 43     0.03793809
 44     0.04757977
 45     0.06668761
 46     0.05623156
 47     0.04438887
