Convergence at step 5
  0     1.06460023
  1     0.61151016
  2     0.36831331
  3     0.20614925
  4     0.12744795
  5     0.13610670
  6     0.12175261
  7     0.15270001
  8     0.22321742
  9     0.12893679
 10     0.12856222
 11     0.05156115
 12     0.15582230
 13     0.03748322
 14     0.06843814
 15     0.02633815
 16     0.03110984
 17     0.01077340
 18     0.01662196
 19     0.04133189
 20     0.02420540
 21     0.03872669
 22     0.04653465
 23     0.03672372
 24     0.05323433
 25     0.03443203
 26     0.07471072
 27     0.04937069
 28     0.04633686
 29     0.01724943
 30     0.03349576
 31     0.04168203
 32     0.06741654
 33     0.08839558
 34     0.01880821
 35     0.02879391
 36     0.03706814
 37     0.05968810
 38     0.06106421
 39     0.05012796
 40     0.04374277
 41     0.11372370
 42     0.04740411
 43     0.07054020
 44     0.02173401
 45     0.00927066
 46     0.04743496
 47     0.06984614
 48     0.01718730
 49     0.04121865
 50     0.04844165
 51     0.05042799
 52     0.06830763
 53     0.05763692
 54     0.03721805
 55     0.04568506
 56     0.04473618
 57     0.05139719
 58     0.07369648
 59     0.05995222
 60     0.06080059
 61     0.03498377
