Convergence at step 5
  0     0.00228900
  1     0.00105153
  2     0.00120895
  3     0.00059984
  4     0.00032213
  5     0.00018304
  6     0.00032960
  7     0.00016240
  8     0.00035945
  9     0.00025635
 10     0.00055350
 11     0.00070339
 12     0.00045811
 13     0.00064247
 14     0.00012225
 15     0.00015397
 16     0.00060839
 17     0.00027221
 18     0.00053561
 19     0.00106406
 20     0.00056808
 21     0.00018122
 22     0.00029185
 23     0.00030502
 24     0.00067206
 25     0.00017300
 26     0.00037771
 27     0.00028005
 28     0.00035537
 29     0.00029975
 30     0.00019066
 31     0.00024744
 32     0.00021591
 33     0.00055372
 34     0.00026586
 35     0.00012801
 36     0.00057794
 37     0.00038896
 38     0.00058821
 39     0.00045985
 40     0.00030460
 41     0.00058918
 42     0.00050913
 43     0.00024139
 44     0.00072143
 45     0.00082173
 46     0.00019528
 47     0.00042076
 48     0.00047359
 49     0.00032526
 50     0.00021431
 51     0.00006940
