Convergence at step 5
  0     1.06460023
  1     0.61151016
  2     0.36108828
  3     0.19473849
  4     0.12176315
  5     0.10053685
  6     0.12131812
  7     0.14616788
  8     0.15486856
  9     0.22140553
 10     0.14454379
 11     0.13413012
 12     0.08711535
 13     0.06396867
 14     0.06299492
 15     0.02299566
 16     0.04390177
 17     0.05116479
 18     0.06880552
 19     0.04597140
 20     0.04415779
 21     0.02259907
 22     0.01766147
 23     0.02029503
 24     0.08342393
 25     0.01476554
 26     0.04020974
 27     0.01341353
 28     0.02619426
 29     0.04996873
 30     0.01749892
 31     0.04532244
 32     0.07362323
 33     0.00149986
 34     0.02883632
 35     0.08476713
 36     0.02896770
 37     0.02680326
 38     0.05661552
 39     0.12775325
 40     0.10286937
 41     0.03248660
 42     0.02536166
 43     0.02766266
 44     0.03822590
 45     0.08399110
 46     0.02271202
 47     0.01568212
 48     0.03056601
 49     0.01318653
 50     0.08622922
 51     0.02487376
 52     0.03597740
 53     0.03982578
 54     0.02289073
 55     0.07306837
 56     0.04242921
 57     0.06295447
 58     0.02530035
 59     0.05600088
 60     0.10305682
 61     0.04209556
 62     0.05472071
 63     0.04024970
 64     0.05674694
 65     0.01651172
 66     0.00810877
 67     0.05899204
 68     0.07146673
 69     0.01145543
 70     0.04051884
 71     0.14294685
 72     0.07899106
 73     0.03969699
 74     0.01656849
 75     0.05453508
 76     0.07970170
 77     0.04769955
 78     0.05112187
 79     0.06091035
 80     0.02261418
 81     0.04377847
 82     0.08774242
 83     0.13001364
 84     0.08849249
 85     0.06298292
 86     0.08399080
 87     0.12378376
 88     0.16512902
 89     0.19199573
 90     0.25009246
