Convergence at step 5
  0     0.00134389
  1     0.00032260
  2     0.00015200
  3     0.00028523
  4     0.00053780
  5     0.00002655
  6     0.00031970
  7     0.00044977
  8     0.00020872
  9     0.00054021
 10     0.00047992
 11     0.00054588
 12     0.00024419
 13     0.00045666
 14     0.00010624
 15     0.00057832
 16     0.00010127
 17     0.00027820
 18     0.00018451
 19     0.00017674
 20     0.00016478
 21     0.00082136
 22     0.00044917
 23     0.00078967
 24     0.00038191
 25     0.00016095
 26     0.00082261
 27     0.00025201
 28     0.00125933
 29     0.00018019
 30     0.00059313
 31     0.00040960
 32     0.00077031
 33     0.00039333
 34     0.00022534
 35     0.00030166
 36     0.00070097
 37     0.00018573
 38     0.00035646
 39     0.00034849
 40     0.00050980
 41     0.00060743
 42     0.00048076
 43     0.00035020
 44     0.00049677
 45     0.00018178
 46     0.00084829
 47     0.00076546
 48     0.00009036
 49     0.00018133
 50     0.00026129
 51     0.00043938
 52     0.00071101
 53     0.00043716
 54     0.00012685
 55     0.00020759
 56     0.00050262
 57     0.00040676
 58     0.00023746
 59     0.00022693
 60     0.00060289
 61     0.00054784
 62     0.00048879
 63     0.00060285
 64     0.00064454
 65     0.00060438
 66     0.00038694
 67     0.00047772
 68     0.00046723
 69     0.00010741
 70     0.00096630
 71     0.00047309
 72     0.00040884
 73     0.00078833
 74     0.00022267
 75     0.00058428
 76     0.00074544
 77     0.00032510
 78     0.00045750
 79     0.00035701
