Convergence at step 5
  0     1.06460023
  1     0.61151016
  2     0.36203872
  3     0.23062893
  4     0.12840231
  5     0.16593317
  6     0.16550527
  7     0.11175007
  8     0.11081066
  9     0.10497597
 10     0.15223241
 11     0.11839202
 12     0.06850838
 13     0.02915580
 14     0.01755011
 15     0.05121097
 16     0.12996053
 17     0.04000295
 18     0.02775473
 19     0.04024458
 20     0.05373947
 21     0.02961215
 22     0.05321838
 23     0.01817216
 24     0.01576886
 25     0.03835020
 26     0.01104338
 27     0.00840499
 28     0.03542540
 29     0.04104324
 30     0.04551042
 31     0.04553340
 32     0.01441998
 33     0.03705267
 34     0.03075226
 35     0.02773943
 36     0.03442123
 37     0.03909570
 38     0.02597141
 39     0.05326512
 40     0.00940786
 41     0.05242902
 42     0.03661495
 43     0.03442860
 44     0.06305099
 45     0.03718161
