Convergence at step 5
  0     0.00298063
  1     0.00095942
  2     0.00034956
  3     0.00042016
  4     0.00081354
  5     0.00049577
  6     0.00055991
  7     0.00011187
  8     0.00019109
  9     0.00017430
 10     0.00066461
 11     0.00048155
 12     0.00076722
 13     0.00046929
 14     0.00080091
 15     0.00115772
 16     0.00068262
 17     0.00035725
 18     0.00063158
 19     0.00066968
 20     0.00049858
 21     0.00053005
 22     0.00042544
 23     0.00031072
 24     0.00049196
 25     0.00040031
 26     0.00012499
 27     0.00058760
 28     0.00024587
 29     0.00040384
 30     0.00014181
 31     0.00019594
 32     0.00008298
 33     0.00063735
 34     0.00060139
 35     0.00013589
