 beta REAL(total_wlkr_wt) Raw_AFQMC_Energy
  0.50 24131.9488683421368478   -63.6264423639510142
  1.00 24005.3242825241904939   -63.6223056658724317
  1.50 23804.6041853110000375   -63.6285714823840891
  2.00 26473.7881045840695151   -63.6258872384734673
  2.50 23313.5772496083918668   -63.6223235889159042
  3.00 23822.5662360558781074   -63.6432511884044203
  3.50 26256.8022221241080842   -63.6458844042486618
  4.00 23226.1328897544008214   -63.6360669793605638
  4.50 23806.7937338686751900   -63.6421496640778770
  5.00 26123.6862842665213975   -63.6407386796260042
  5.50 23235.7586717246886110   -63.6199814066703766
  6.00 23482.5841018147984869   -63.6072557519976058
  6.50 23390.5753170901734848   -63.6231418115352341
  7.00 26030.8032543885128689   -63.6206491038638262
  7.50 25585.1740369386170642   -63.6297257391978164
  8.00 23025.3558448611511267   -63.6285196977927896
  8.50 23293.9686313068632444   -63.6142994307405161
  9.00 26122.8353124777859193   -63.6354624321936058
  9.50 23074.2161591488948034   -63.6290237003289150
 10.00 23455.8955288400902646   -63.6374987938786276
 10.50 25984.0491762062738417   -63.6310101358819153
 11.00 25645.4471559094745317   -63.6313587907374512
 11.50 22801.3385610726691084   -63.6298952372658064
 12.00 23467.9549675455564284   -63.6263479808839918
 12.50 23424.9769888940536475   -63.6260462364467969
 13.00 25852.5169852459948743   -63.6270363404510135
 13.50 25596.8340699205837154   -63.6249827586128589
 14.00 22913.8930665714724455   -63.6290773548457906
 14.50 23494.4592136950632266   -63.6261678919609395
 15.00 25973.8234416319028242   -63.6283753997763739
 15.50 23087.0710126986305113   -63.6177924654120659
 16.00 23434.8115626704020542   -63.6185001411102959
 16.50 25928.9071309856444714   -63.6277073038431240
 17.00 22979.4562570501657319   -63.6375713262899723
 17.50 23419.4158533328227350   -63.6255689316126478
 18.00 25728.4509756261322764   -63.6085625254963389
 18.50 23047.8877395628878730   -63.6227918302634379
 19.00 23395.9811442506179446   -63.6234021065853881
 19.50 25803.3577241478560609   -63.6139025322237899
 20.00 25593.2100397527465248   -63.6159701016216417
 20.50 22967.4903490748693002   -63.6245024835157693
 21.00 23448.9634960961047909   -63.6146497037569105
 21.50 25910.1229993326451222   -63.6249072199500461
 22.00 22984.0665219197944680   -63.6200815427862807
 22.50 23415.1677747408757568   -63.6222669729667842
 23.00 23321.1129732546032756   -63.6342207869607819
 23.50 25868.7711223753940430   -63.6233319659629188
 24.00 25541.7064013615599833   -63.6154859442426712
 24.50 23055.5169615891827561   -63.6193443923258144
 25.00 23433.8213577991082275   -63.6188672323568767
