  0    -0.1666666666664134     1.7967040845600075
  1    -0.1646017969814786     2.2767658143759215
  2    -0.1626383785303419     2.6722393902624937
  3    -0.1572341544545065     2.8488163441498737
  4    -0.1452521910326448     2.9345243703176354
  5    -0.1456919098726552     3.0434906141672835
  6    -0.1617749403528229     3.1635234990332455
  7    -0.1609976310800783     3.1508121890144687
  8    -0.1577876960320627     3.1545242518896441
  9    -0.1460334804158888     3.1999754781410088
 10    -0.1488752411377147     3.3509484026326195
 11    -0.1414186612092436     3.4767310311166111
 12    -0.1482976562799284     3.4668235044553750
 13    -0.1411537579167864     3.4368874469814905
 14    -0.1323099184351299     3.4628825184453893
 15    -0.1039721911842607     3.5091298378486666
 16    -0.0819239631211964     3.4334063199249951
 17    -0.0878125374761980     3.3634740528966316
 18    -0.0972760217738898     3.3717404588384299
 19    -0.0750052861390973     3.3210823371581397
 20    -0.0771399895228128     3.3622444444723492
 21    -0.0726694858994052     3.3304514087318791
 22    -0.0589128586119996     3.3027333632122615
 23    -0.0556687903688634     3.2377177238508215
 24    -0.0445705734091723     3.2279517143407337
 25    -0.0320038299392740     3.2199304430785429
 26    -0.0309175432541428     3.2300955257471107
 27    -0.0238396308963027     3.1663786911682448
 28    -0.0171347041940643     3.2021538156283498
 29    -0.0039954499352873     3.1484483531986007
 30     0.0032701946746898     3.1035212784376234
 31     0.0129640574143045     3.1383030445711571
 32     0.0135680363422101     2.9813733622827443
 33    -0.0081394121863791     3.0768580939408512
 34    -0.0128674564115748     3.0081148010306671
 35    -0.0030374139753498     3.1100577681662611
 36    -0.0084443326325397     3.0724709028421242
 37     0.0128493954811194     3.1649016908159466
 38     0.0154876848803580     3.1663130375702200
 39     0.0121186959850106     3.2399825863477973
 40     0.0146869852393656     3.2043994238845586
 41     0.0086362877962955     3.1599140574555662
 42     0.0191687771866378     3.2741810811835266
 43     0.0341794024686716     3.2351237023325994
 44     0.0297222706590097     3.1182104880864272
 45     0.0135237760429023     3.1919977214757398
 46     0.0118992825007964     3.2215930179403056
 47     0.0139654282562100     3.2616452869762154
 48     0.0149090763443495     3.1387235129901372
 49    -0.0005196561248973     3.1525360979296755
 50     0.0088421859262662     3.2248839528524060
