  0    -0.1666666666664134     1.7967040845599997
  1    -0.1666666266664135     1.9025398943546687
  2    -0.1828446866664051     1.9991295591082201
  3    -0.1851881916664040     2.0905607717517598
  4    -0.1934797666663999     2.1754552308859525
  5    -0.1971456866663980     2.2465339913035400
  6    -0.2234640066663847     2.3262451502925092
  7    -0.2272628416663827     2.4087165437160669
  8    -0.2576948316663673     2.4676384984755497
  9    -0.2740654066663591     2.5410000287741918
 10    -0.2654002316663635     2.6018801998471126
 11    -0.2648394016663637     2.6464627357632158
 12    -0.2755392216663583     2.6710521602702784
 13    -0.2955212716663481     2.7107354281975042
 14    -0.2849199666663535     2.7563013728918047
 15    -0.3081416316663418     2.7827446519644154
 16    -0.3103830966663407     2.8269355446178310
 17    -0.3149022266663384     2.8371289732167222
 18    -0.3175798066663370     2.8858768043892864
 19    -0.3167758616663375     2.9186131350874343
 20    -0.3043333666663438     2.9433856705001360
 21    -0.3070839116663422     2.9355331179569468
 22    -0.3228297716663344     2.9337687163181632
 23    -0.3312867116663300     2.9809815123308216
 24    -0.3389161466663262     2.9918571150656499
 25    -0.3229910366663343     2.9919561249290330
 26    -0.3136785866663390     3.0000774185299757
 27    -0.3167546116663374     2.9716206840502641
 28    -0.3082010316663417     2.9706154854565723
 29    -0.3078334316663420     2.9899514619036212
 30    -0.3107111416663405     2.9962345743150745
 31    -0.3179955816663367     3.0030660637497828
 32    -0.3114151116663401     3.0173626675171050
 33    -0.3068585266663423     3.0453707993918750
 34    -0.3046869216663435     3.0640431421600303
 35    -0.3079374716663419     3.0821363345690145
 36    -0.3207942216663354     3.0892510916051394
 37    -0.3216025266663350     3.1250064585815465
 38    -0.2983778766663468     3.1266542655935665
 39    -0.2902266966663509     3.1356437113170705
 40    -0.3075032066663422     3.1343227515374541
 41    -0.3082427466663418     3.1270048140287874
 42    -0.3124087966663396     3.1124115629487803
 43    -0.3209981316663352     3.1261890339189047
 44    -0.3210558016663352     3.1328160049099449
 45    -0.3339830066663288     3.1323700782472561
 46    -0.3514944566663198     3.1455055142152486
 47    -0.3630267716663140     3.1414178212841422
 48    -0.3552364716663179     3.1518580099865625
 49    -0.3707370066663100     3.1415476044834416
 50    -0.3628955666663141     3.1485402238695639
 51    -0.3639212866663136     3.1497239460393169
 52    -0.3590298816663158     3.1547294871634080
 53    -0.3464597716663223     3.1649752877749773
 54    -0.3562322016663176     3.1847332985431649
 55    -0.3632304216663139     3.1884775151721492
 56    -0.3444000116663236     3.1914103478820945
 57    -0.3428685166663241     3.1789085368120085
 58    -0.3428987616663242     3.1790664174049703
 59    -0.3381382366663265     3.1747631199837167
 60    -0.3448863866663232     3.1619249047446054
 61    -0.3383202816663265     3.1791073210937033
 62    -0.3456237966663229     3.1853588956143106
 63    -0.3461295466663226     3.2082452740156895
 64    -0.3404072316663255     3.2190167061413595
 65    -0.3567177716663172     3.2305991399086018
 66    -0.3434091816663239     3.2277723891951382
 67    -0.3491631516663210     3.2369036598580845
 68    -0.3428116716663240     3.2184094583885239
 69    -0.3291916916663311     3.2090516883276856
 70    -0.3332111916663291     3.2203881265463297
 71    -0.3421998466663245     3.2215231083393201
 72    -0.3299105666663307     3.2272609019472354
 73    -0.3375198166663269     3.2243685906485595
 74    -0.3399425216663256     3.2107037003918180
 75    -0.3344224216663285     3.2173593421927182
 76    -0.3260924666663328     3.2170502708624276
 77    -0.3368488116663272     3.2145281952884095
 78    -0.3402794666663254     3.2145610711503827
 79    -0.3302820416663306     3.2113296797404280
 80    -0.3310024666663302     3.2181709172504891
