  0    -0.1666666666664134     1.7967040845600075
  1    -0.1666666662700158     1.9025394830013573
  2    -0.1735678395309943     2.0070355117933381
  3    -0.1791370326398672     2.1092752880090462
  4    -0.1886745052386313     2.2117772806928948
  5    -0.2008575708708398     2.3118679017778963
  6    -0.2149492628300978     2.4096188564935779
  7    -0.2292829930150019     2.5039355753027719
  8    -0.2441501993823965     2.5951272966414347
  9    -0.2549515950986898     2.6810397898758378
 10    -0.2636403783093069     2.7598684232189523
 11    -0.2707159248137617     2.8364626223234772
 12    -0.2783246410841489     2.9115986946100159
 13    -0.2874268768960190     2.9834444662517541
 14    -0.2946951158317669     3.0529459653144841
 15    -0.3004151370347944     3.1153369595662883
 16    -0.3056728251923254     3.1739735960656135
 17    -0.3121729130594039     3.2303775542453415
 18    -0.3205162709237762     3.2849645399297707
 19    -0.3286085393508444     3.3314360058729120
 20    -0.3360003305904324     3.3769757625453041
 21    -0.3404741491563614     3.4199405458124486
 22    -0.3451902492500671     3.4578750981722188
 23    -0.3500395328853070     3.4921134964822031
 24    -0.3563120406195291     3.5131053416109146
 25    -0.3617960942034940     3.5306043747871909
 26    -0.3656093467248863     3.5492260276613736
 27    -0.3670063654515246     3.5658275748768355
 28    -0.3669933778072659     3.5780346909472960
 29    -0.3652935075043975     3.5816536303273119
 30    -0.3642664138568045     3.5840650106711687
 31    -0.3607778484613577     3.5830539788409101
 32    -0.3573059510084481     3.5798492800780144
 33    -0.3527342071350199     3.5755181628460209
 34    -0.3481446740006176     3.5659513063455290
 35    -0.3430240060539011     3.5531909934726942
 36    -0.3354877512043830     3.5410436028380081
 37    -0.3273532070791187     3.5241223963394019
 38    -0.3205921054553104     3.5052197855392335
 39    -0.3145308934057774     3.4833260245261433
 40    -0.3070005367482569     3.4612277479553639
 41    -0.2989564686402973     3.4475017049151964
 42    -0.2911084638952973     3.4338361656225684
 43    -0.2851368505796907     3.4133281874183043
 44    -0.2793030844967100     3.3950062219694725
 45    -0.2761277020382826     3.3751901777219691
 46    -0.2746164984514090     3.3547585153694919
 47    -0.2705036088825567     3.3331748943656350
 48    -0.2650891555847834     3.3081492712060885
 49    -0.2602702364247240     3.2844883959392801
 50    -0.2577923804645506     3.2659400449762241
 51    -0.2569346264303876     3.2505889951816482
 52    -0.2556162182797982     3.2421754566558931
 53    -0.2549680348240791     3.2358699097595429
 54    -0.2579905867861025     3.2332968596305691
 55    -0.2624297791958913     3.2384486622371327
 56    -0.2652105077467803     3.2435313097604141
 57    -0.2675168621034095     3.2492101187823361
 58    -0.2727151222495370     3.2531063682674679
 59    -0.2752169122442293     3.2551143749278268
 60    -0.2786919855341923     3.2553252269821096
 61    -0.2828634788004201     3.2539749624644854
 62    -0.2861078992570673     3.2483243950665730
 63    -0.2895860439960498     3.2479295938012589
 64    -0.2930965074238644     3.2471736128058080
 65    -0.2988683828716083     3.2472007924334769
 66    -0.3053063978167446     3.2506714232954055
 67    -0.3127194190672645     3.2581215772912535
 68    -0.3199028188397103     3.2630440109757290
 69    -0.3264394664270080     3.2635119561718060
 70    -0.3316465921295377     3.2585754773093352
 71    -0.3351555633555669     3.2559320721983389
 72    -0.3379478897832657     3.2560758661072358
 73    -0.3412674627209542     3.2541257914187556
 74    -0.3423119389376663     3.2563168026198763
 75    -0.3417295718434921     3.2564849803965146
 76    -0.3427036262019919     3.2577358689914977
 77    -0.3434867184833122     3.2547928953444636
 78    -0.3446439065687322     3.2487614422367721
 79    -0.3447446039122068     3.2452892063718268
 80    -0.3466590628372028     3.2427086494684585
