  0    -0.1666666666664134     1.7967040845600075
  1    -0.1660767024286506     1.9338649207020111
  2    -0.1656906521034486     2.0731429929426501
  3    -0.1635815135884593     2.2136545361726592
  4    -0.1610734342018666     2.3573774732450659
  5    -0.1595317504944623     2.5029456290456187
  6    -0.1582123467606061     2.6509534201168989
  7    -0.1572162025982102     2.7978521995393368
  8    -0.1577497512858720     2.9443011910907844
  9    -0.1576696325325905     3.0836094344432214
 10    -0.1579499599253212     3.2073347026135082
 11    -0.1593276228017785     3.3143207332979130
 12    -0.1612054780832611     3.4110741816058860
 13    -0.1610766046205843     3.4978626724651734
 14    -0.1598850129043758     3.5699518563705688
 15    -0.1585750841457978     3.6348685065427380
 16    -0.1559979298135457     3.6898456095736845
 17    -0.1523151121631343     3.7421183463590215
 18    -0.1484489982524297     3.7820810989284208
 19    -0.1453985830936954     3.8115008407791398
 20    -0.1428508885481899     3.8323000707159238
 21    -0.1394118022890623     3.8385507813776152
 22    -0.1344080159363700     3.8324150292492303
 23    -0.1272992156584816     3.8223778882381336
 24    -0.1207991075067774     3.7998706798847759
 25    -0.1145960552609200     3.7582629135391086
 26    -0.1086301176464403     3.7152335250994457
 27    -0.1029320250755464     3.6694071523634535
 28    -0.0961698931171109     3.6128439723120396
 29    -0.0919000878041937     3.5595531166865677
 30    -0.0886571914800181     3.5045706747548038
 31    -0.0874766286117991     3.4476317304590185
 32    -0.0859072038452665     3.3882878441660740
 33    -0.0844744053736305     3.3320920936710059
 34    -0.0832875032621875     3.2792689804307318
 35    -0.0816110024828174     3.2276335016371354
 36    -0.0791639106702630     3.1775095425018245
 37    -0.0768856671609144     3.1358396930239545
 38    -0.0731313411659630     3.1054187986490507
 39    -0.0692573124134786     3.0835872749083038
 40    -0.0650698742933457     3.0661510536045320
 41    -0.0569853848466611     3.0698249379904281
 42    -0.0463917579837817     3.0606965987537169
 43    -0.0374494412208912     3.0568198493827237
 44    -0.0268272068257694     3.0569567923999346
 45    -0.0160027673893699     3.0766232442352912
 46    -0.0061836066429891     3.1031903320097731
 47     0.0016462741382923     3.1437965388903937
 48     0.0097292462933200     3.1967940280806761
 49     0.0154686471879331     3.2353744953350354
 50     0.0180573886511831     3.2705690109803638
 51     0.0165833926778388     3.3129156690322326
 52     0.0153865165380883     3.3645887663506855
 53     0.0162830587457389     3.4072893955144306
 54     0.0154478217114603     3.4579225996313392
 55     0.0158556670861370     3.4807378119133436
 56     0.0153655301550583     3.5013428791121770
 57     0.0157098182002409     3.5193878291480569
 58     0.0181648663961254     3.5393093461261138
 59     0.0222612278510563     3.5403815292015106
 60     0.0262678139913881     3.5359792145610305
 61     0.0291904579360205     3.5081276752923416
 62     0.0311317162549811     3.4524362839776956
 63     0.0350023617897308     3.3687835186131787
 64     0.0355853728735874     3.3046864205491242
 65     0.0372181356218900     3.2485725969322972
 66     0.0371789084189518     3.1991161009164055
 67     0.0343764415407011     3.1358051021017137
 68     0.0316586694380285     3.0844362647471986
 69     0.0252905164390935     3.0301368944573146
 70     0.0183822391517927     2.9771683437410390
 71     0.0127917139604513     2.9240456034133131
 72     0.0040783804909003     2.8912882562226274
 73     0.0010544300756004     2.8691239145284233
 74    -0.0018182173211060     2.8744146968460278
 75    -0.0035706673520629     2.8911587368204605
 76    -0.0056327532224162     2.9294617810568613
 77    -0.0123348158403274     2.9630599378049931
 78    -0.0196660253838233     3.0017434815398256
 79    -0.0238682692525438     3.0564148991064859
 80    -0.0284169701926155     3.1247539795901003
