 -0.38    1.72024859      -177.31044694
 -0.38    1.79670408      -177.39601652
 -0.38    1.87315958      -177.47801808
 -0.38    1.94961507      -177.55820141
 -0.38    2.02607056      -177.63554287
 -0.38    2.10252606      -177.70932046
 -0.38    2.17898155      -177.77783647
 -0.38    2.25543704      -177.84087622
 -0.38    2.33189254      -177.89776090
 -0.38    2.40834803      -177.94850792
 -0.38    2.48480352      -177.99345113
 -0.38    2.56125901      -178.03266054
 -0.38    2.63771451      -178.06637864
 -0.38    2.71417000      -178.09498996
 -0.38    2.79062549      -178.11892603
 -0.38    2.86708099      -178.13834401
 -0.38    2.94353648      -178.15347637
 -0.38    3.01999197      -178.16452231
 -0.38    3.09644746      -178.17180344
 -0.38    3.17290296      -178.17566794
 -0.38    3.24935845      -178.17627890
 -0.38    3.32581394      -178.17375084
 -0.38    3.40226944      -178.16832276
 -0.38    3.47872493      -178.16023812
 -0.38    3.55518042      -178.14972852
 -0.38    3.63163592      -178.13702177
 -0.38    3.70809141      -178.12235003
 -0.38    3.78454690      -178.10597384
 -0.38    3.86100239      -178.08802055
 -0.36    1.72024859      -177.38447445
 -0.36    1.79670408      -177.46373050
 -0.36    1.87315958      -177.53922506
 -0.36    1.94961507      -177.61269567
 -0.36    2.02607056      -177.68417166
 -0.36    2.10252606      -177.75337817
 -0.36    2.17898155      -177.81848580
 -0.36    2.25543704      -177.87797157
 -0.36    2.33189254      -177.93164742
 -0.36    2.40834803      -177.97955915
 -0.36    2.48480352      -178.02166401
 -0.36    2.56125901      -178.05817695
 -0.36    2.63771451      -178.08938563
 -0.36    2.71417000      -178.11570939
 -0.36    2.79062549      -178.13763401
 -0.36    2.86708099      -178.15522297
 -0.36    2.94353648      -178.16868679
 -0.36    3.01999197      -178.17820684
 -0.36    3.09644746      -178.18400483
 -0.36    3.17290296      -178.18628083
 -0.36    3.24935845      -178.18533991
 -0.36    3.32581394      -178.18177260
 -0.36    3.40226944      -178.17553071
 -0.36    3.47872493      -178.16676837
 -0.36    3.55518042      -178.15565754
 -0.36    3.63163592      -178.14238732
 -0.36    3.70809141      -178.12717103
 -0.36    3.78454690      -178.11025530
 -0.36    3.86100239      -178.09181500
 -0.34    1.72024859      -177.41124625
 -0.34    1.79670408      -177.48795901
 -0.34    1.87315958      -177.56096114
 -0.34    1.94961507      -177.63214524
 -0.34    2.02607056      -177.70160231
 -0.34    2.10252606      -177.76901306
 -0.34    2.17898155      -177.83291780
 -0.34    2.25543704      -177.89142558
 -0.34    2.33189254      -177.94414577
 -0.34    2.40834803      -177.99100776
 -0.34    2.48480352      -178.03212723
 -0.34    2.56125901      -178.06772449
 -0.34    2.63771451      -178.09808309
 -0.34    2.71417000      -178.12352115
 -0.34    2.79062549      -178.14475411
 -0.34    2.86708099      -178.16181458
 -0.34    2.94353648      -178.17470985
 -0.34    3.01999197      -178.18364012
 -0.34    3.09644746      -178.18885773
 -0.34    3.17290296      -178.19066311
 -0.34    3.24935845      -178.18916049
 -0.34    3.32581394      -178.18471836
 -0.34    3.40226944      -178.17833296
 -0.34    3.47872493      -178.16946290
 -0.34    3.55518042      -178.15817024
 -0.34    3.63163592      -178.14469052
 -0.34    3.70809141      -178.12926112
 -0.34    3.78454690      -178.11213782
 -0.34    3.86100239      -178.09349631
 -0.32    1.72024859      -177.40774878
 -0.32    1.79670408      -177.48462472
 -0.32    1.87315958      -177.55836917
 -0.32    1.94961507      -177.62973966
 -0.32    2.02607056      -177.69908029
 -0.32    2.10252606      -177.76642837
 -0.32    2.17898155      -177.83053366
 -0.32    2.25543704      -177.88921252
 -0.32    2.33189254      -177.94209694
 -0.32    2.40834803      -177.98911467
 -0.32    2.48480352      -178.03038057
 -0.32    2.56125901      -178.06611513
 -0.32    2.63771451      -178.09660327
 -0.32    2.71417000      -178.12215986
 -0.32    2.79062549      -178.14361423
 -0.32    2.86708099      -178.16076444
 -0.32    2.94353648      -178.17373789
 -0.32    3.01999197      -178.18274946
 -0.32    3.09644746      -178.18803504
 -0.32    3.17290296      -178.18986493
 -0.32    3.24935845      -178.18845739
 -0.32    3.32581394      -178.18420679
 -0.32    3.40226944      -178.17781272
 -0.32    3.47872493      -178.16896759
 -0.32    3.55518042      -178.15771126
 -0.32    3.63163592      -178.14426917
 -0.32    3.70809141      -178.12887677
 -0.32    3.78454690      -178.11178277
 -0.32    3.86100239      -178.09317695
 -0.30    1.72024859      -177.38318841
 -0.30    1.79670408      -177.46174947
 -0.30    1.87315958      -177.53929941
 -0.30    1.94961507      -177.61367021
 -0.30    2.02607056      -177.68415994
 -0.30    2.10252606      -177.75075049
 -0.30    2.17898155      -177.81457192
 -0.30    2.25543704      -177.87406904
 -0.30    2.33189254      -177.92806907
 -0.30    2.40834803      -177.97617782
 -0.30    2.48480352      -178.01847862
 -0.30    2.56125901      -178.05519377
 -0.30    2.63771451      -178.08660831
 -0.30    2.71417000      -178.11319918
 -0.30    2.79062549      -178.13539604
 -0.30    2.86708099      -178.15326046
 -0.30    2.94353648      -178.16687021
 -0.30    3.01999197      -178.17646557
 -0.30    3.09644746      -178.18230378
 -0.30    3.17290296      -178.18471926
 -0.30    3.24935845      -178.18395384
 -0.30    3.32581394      -178.18042552
 -0.30    3.40226944      -178.17419842
 -0.30    3.47872493      -178.16548695
 -0.30    3.55518042      -178.15449103
 -0.30    3.63163592      -178.14132378
 -0.30    3.70809141      -178.12620092
 -0.30    3.78454690      -178.10935324
 -0.30    3.86100239      -178.09099138
 -0.28    1.72024859      -177.34460511
 -0.28    1.79670408      -177.42740455
 -0.28    1.87315958      -177.50884445
 -0.28    1.94961507      -177.58655982
 -0.28    2.02607056      -177.65932039
 -0.28    2.10252606      -177.72717156
 -0.28    2.17898155      -177.79035110
 -0.28    2.25543704      -177.84884310
 -0.28    2.33189254      -177.90347337
 -0.28    2.40834803      -177.95339236
 -0.28    2.48480352      -177.99752966
 -0.28    2.56125901      -178.03601268
 -0.28    2.63771451      -178.06923343
 -0.28    2.71417000      -178.09753165
 -0.28    2.79062549      -178.12108013
 -0.28    2.86708099      -178.14013410
 -0.28    2.94353648      -178.15505201
 -0.28    3.01999197      -178.16590573
 -0.28    3.09644746      -178.17286794
 -0.28    3.17290296      -178.17632557
 -0.28    3.24935845      -178.17644377
 -0.28    3.32581394      -178.17342671
 -0.28    3.40226944      -178.16764953
 -0.28    3.47872493      -178.15939096
 -0.28    3.55518042      -178.14882332
 -0.28    3.63163592      -178.13611889
 -0.28    3.70809141      -178.12145790
 -0.28    3.78454690      -178.10505042
 -0.28    3.86100239      -178.08712937
 -0.26    1.72024859      -177.29796002
 -0.26    1.79670408      -177.38408871
 -0.26    1.87315958      -177.46920914
 -0.26    1.94961507      -177.55046333
 -0.26    2.02607056      -177.62623810
 -0.26    2.10252606      -177.69641241
 -0.26    2.17898155      -177.76092999
 -0.26    2.25543704      -177.82061002
 -0.26    2.33189254      -177.87453761
 -0.26    2.40834803      -177.92391123
 -0.26    2.48480352      -177.96994826
 -0.26    2.56125901      -178.01062334
 -0.26    2.63771451      -178.04621700
 -0.26    2.71417000      -178.07656166
 -0.26    2.79062549      -178.10198475
 -0.26    2.86708099      -178.12288658
 -0.26    2.94353648      -178.13941386
 -0.26    3.01999197      -178.15184281
 -0.26    3.09644746      -178.16029446
 -0.26    3.17290296      -178.16496035
 -0.26    3.24935845      -178.16610974
 -0.26    3.32581394      -178.16401469
 -0.26    3.40226944      -178.15894764
 -0.26    3.47872493      -178.15122042
 -0.26    3.55518042      -178.14126241
 -0.26    3.63163592      -178.12918005
 -0.26    3.70809141      -178.11512455
 -0.26    3.78454690      -178.09930307
 -0.26    3.86100239      -178.08193266
 -0.24    1.72024859      -177.24722589
 -0.24    1.79670408      -177.33755636
 -0.24    1.87315958      -177.42529018
 -0.24    1.94961507      -177.50948533
 -0.24    2.02607056      -177.58820679
 -0.24    2.10252606      -177.66118619
 -0.24    2.17898155      -177.72781228
 -0.24    2.25543704      -177.78866560
 -0.24    2.33189254      -177.84456934
 -0.24    2.40834803      -177.89445311
 -0.24    2.48480352      -177.93983243
 -0.24    2.56125901      -177.98204838
 -0.24    2.63771451      -178.01982074
 -0.24    2.71417000      -178.05230029
 -0.24    2.79062549      -178.07985708
 -0.24    2.86708099      -178.10300321
 -0.24    2.94353648      -178.12151075
 -0.24    3.01999197      -178.13557969
 -0.24    3.09644746      -178.14546869
 -0.24    3.17290296      -178.15145021
 -0.24    3.24935845      -178.15380509
 -0.24    3.32581394      -178.15281584
 -0.24    3.40226944      -178.14876246
 -0.24    3.47872493      -178.14191874
 -0.24    3.55518042      -178.13261424
 -0.24    3.63163592      -178.12123961
 -0.24    3.70809141      -178.10787305
 -0.24    3.78454690      -178.09271383
 -0.24    3.86100239      -178.07597557
 -0.22    1.72024859      -177.19679770
 -0.22    1.79670408      -177.29157461
 -0.22    1.87315958      -177.38217320
 -0.22    1.94961507      -177.46850642
 -0.22    2.02607056      -177.54976315
 -0.22    2.10252606      -177.62500376
 -0.22    2.17898155      -177.69398920
 -0.22    2.25543704      -177.75654750
 -0.22    2.33189254      -177.81347791
 -0.22    2.40834803      -177.86537345
 -0.22    2.48480352      -177.91155575
 -0.22    2.56125901      -177.95408460
 -0.22    2.63771451      -177.99327911
 -0.22    2.71417000      -178.02795477
 -0.22    2.79062549      -178.05791418
 -0.22    2.86708099      -178.08295700
 -0.22    2.94353648      -178.10316426
 -0.22    3.01999197      -178.11879621
 -0.22    3.09644746      -178.13012779
 -0.22    3.17290296      -178.13744547
 -0.22    3.24935845      -178.14103872
 -0.22    3.32581394      -178.14119594
 -0.22    3.40226944      -178.13820024
 -0.22    3.47872493      -178.13232749
 -0.22    3.55518042      -178.12386290
 -0.22    3.63163592      -178.11326042
 -0.22    3.70809141      -178.10064619
 -0.22    3.78454690      -178.08617490
 -0.22    3.86100239      -178.07007523
 -0.20    1.72024859      -177.15404984
 -0.20    1.79670408      -177.25122688
 -0.20    1.87315958      -177.34390768
 -0.20    1.94961507      -177.43231382
 -0.20    2.02607056      -177.51536734
 -0.20    2.10252606      -177.59244424
 -0.20    2.17898155      -177.66343546
 -0.20    2.25543704      -177.72796496
 -0.20    2.33189254      -177.78633280
 -0.20    2.40834803      -177.83909530
 -0.20    2.48480352      -177.88686027
 -0.20    2.56125901      -177.93056019
 -0.20    2.63771451      -177.97060177
 -0.20    2.71417000      -178.00730315
 -0.20    2.79062549      -178.03906038
 -0.20    2.86708099      -178.06562183
 -0.20    2.94353648      -178.08723786
 -0.20    3.01999197      -178.10418829
 -0.20    3.09644746      -178.11676095
 -0.20    3.17290296      -178.12523763
 -0.20    3.24935845      -178.12991663
 -0.20    3.32581394      -178.13108883
 -0.20    3.40226944      -178.12903519
 -0.20    3.47872493      -178.12403227
 -0.20    3.55518042      -178.11640811
 -0.20    3.63163592      -178.10655287
 -0.20    3.70809141      -178.09461126
 -0.20    3.78454690      -178.08075349
 -0.20    3.86100239      -178.06527012
 -0.18    1.72024859      -177.12118719
 -0.18    1.79670408      -177.22246507
 -0.18    1.87315958      -177.31669101
 -0.18    1.94961507      -177.40515271
 -0.18    2.02607056      -177.48955688
 -0.18    2.10252606      -177.56839248
 -0.18    2.17898155      -177.64121267
 -0.18    2.25543704      -177.70769503
 -0.18    2.33189254      -177.76766700
 -0.18    2.40834803      -177.82173879
 -0.18    2.48480352      -177.87078067
 -0.18    2.56125901      -177.91576947
 -0.18    2.63771451      -177.95815956
 -0.18    2.71417000      -177.99606921
 -0.18    2.79062549      -178.02913650
 -0.18    2.86708099      -178.05677145
 -0.18    2.94353648      -178.07920578
 -0.18    3.01999197      -178.09673707
 -0.18    3.09644746      -178.10980158
 -0.18    3.17290296      -178.11887963
 -0.18    3.24935845      -178.12407124
 -0.18    3.32581394      -178.12567998
 -0.18    3.40226944      -178.12408424
 -0.18    3.47872493      -178.11969843
 -0.18    3.55518042      -178.11275860
 -0.18    3.63163592      -178.10341492
 -0.18    3.70809141      -178.09188669
 -0.18    3.78454690      -178.07850416
 -0.18    3.86100239      -178.06356374
 -0.16    1.72024859      -177.10324012
 -0.16    1.79670408      -177.20699550
 -0.16    1.87315958      -177.30398873
 -0.16    1.94961507      -177.39404320
 -0.16    2.02607056      -177.47869232
 -0.16    2.10252606      -177.55915453
 -0.16    2.17898155      -177.63354466
 -0.16    2.25543704      -177.70161453
 -0.16    2.33189254      -177.76338807
 -0.16    2.40834803      -177.81915370
 -0.16    2.48480352      -177.87045738
 -0.16    2.56125901      -177.91843972
 -0.16    2.63771451      -177.96158803
 -0.16    2.71417000      -177.99944703
 -0.16    2.79062549      -178.03250505
 -0.16    2.86708099      -178.06017197
 -0.16    2.94353648      -178.08261283
 -0.16    3.01999197      -178.10014659
 -0.16    3.09644746      -178.11357534
 -0.16    3.17290296      -178.12284923
 -0.16    3.24935845      -178.12807017
 -0.16    3.32581394      -178.12959557
 -0.16    3.40226944      -178.12782177
 -0.16    3.47872493      -178.12304977
 -0.16    3.55518042      -178.11582510
 -0.16    3.63163592      -178.10634225
 -0.16    3.70809141      -178.09466185
 -0.16    3.78454690      -178.08106959
 -0.16    3.86100239      -178.06588864
 -0.14    1.72024859      -177.10082487
 -0.14    1.79670408      -177.20791881
 -0.14    1.87315958      -177.30710824
 -0.14    1.94961507      -177.39912834
 -0.14    2.02607056      -177.48413311
 -0.14    2.10252606      -177.56496605
 -0.14    2.17898155      -177.64100707
 -0.14    2.25543704      -177.71102914
 -0.14    2.33189254      -177.77432994
 -0.14    2.40834803      -177.83122600
 -0.14    2.48480352      -177.88478558
 -0.14    2.56125901      -177.93405354
 -0.14    2.63771451      -177.97762982
 -0.14    2.71417000      -178.01521716
 -0.14    2.79062549      -178.04772619
 -0.14    2.86708099      -178.07513300
 -0.14    2.94353648      -178.09749172
 -0.14    3.01999197      -178.11486598
 -0.14    3.09644746      -178.12759197
 -0.14    3.17290296      -178.13600745
 -0.14    3.24935845      -178.14044944
 -0.14    3.32581394      -178.14126959
 -0.14    3.40226944      -178.13896127
 -0.14    3.47872493      -178.13372091
 -0.14    3.55518042      -178.12575401
 -0.14    3.63163592      -178.11533294
 -0.14    3.70809141      -178.10271948
 -0.14    3.78454690      -178.08820195
 -0.14    3.86100239      -178.07200789
 -0.12    1.72024859      -177.11118087
 -0.12    1.79670408      -177.22264288
 -0.12    1.87315958      -177.32340616
 -0.12    1.94961507      -177.41685288
 -0.12    2.02607056      -177.50349447
 -0.12    2.10252606      -177.58441735
 -0.12    2.17898155      -177.66149780
 -0.12    2.25543704      -177.73250634
 -0.12    2.33189254      -177.79702761
 -0.12    2.40834803      -177.85512159
 -0.12    2.48480352      -177.90905197
 -0.12    2.56125901      -177.95896960
 -0.12    2.63771451      -178.00315898
 -0.12    2.71417000      -178.04110022
 -0.12    2.79062549      -178.07326425
 -0.12    2.86708099      -178.09971785
 -0.12    2.94353648      -178.12093866
 -0.12    3.01999197      -178.13723059
 -0.12    3.09644746      -178.14887473
 -0.12    3.17290296      -178.15620096
 -0.12    3.24935845      -178.15953732
 -0.12    3.32581394      -178.15922401
 -0.12    3.40226944      -178.15560256
 -0.12    3.47872493      -178.14897097
 -0.12    3.55518042      -178.13963366
 -0.12    3.63163592      -178.12790162
 -0.12    3.70809141      -178.11404141
 -0.12    3.78454690      -178.09832706
 -0.12    3.86100239      -178.08098243
 -0.10    1.72024859      -177.13299855
 -0.10    1.79670408      -177.24783967
 -0.10    1.87315958      -177.35042623
 -0.10    1.94961507      -177.44336649
 -0.10    2.02607056      -177.53066678
 -0.10    2.10252606      -177.61328268
 -0.10    2.17898155      -177.69093763
 -0.10    2.25543704      -177.76239685
 -0.10    2.33189254      -177.82748617
 -0.10    2.40834803      -177.88672194
 -0.10    2.48480352      -177.94114650
 -0.10    2.56125901      -177.99088522
 -0.10    2.63771451      -178.03494136
 -0.10    2.71417000      -178.07232133
 -0.10    2.79062549      -178.10341314
 -0.10    2.86708099      -178.12896023
 -0.10    2.94353648      -178.14896220
 -0.10    3.01999197      -178.16379002
 -0.10    3.09644746      -178.17385215
 -0.10    3.17290296      -178.17954040
 -0.10    3.24935845      -178.18123220
 -0.10    3.32581394      -178.17929175
 -0.10    3.40226944      -178.17405548
 -0.10    3.47872493      -178.16587472
 -0.10    3.55518042      -178.15504862
 -0.10    3.63163592      -178.14189726
 -0.10    3.70809141      -178.12666885
 -0.10    3.78454690      -178.10964245
 -0.10    3.86100239      -178.09106389
 -0.08    1.72024859      -177.16379483
 -0.08    1.79670408      -177.28182991
 -0.08    1.87315958      -177.38540183
 -0.08    1.94961507      -177.47840329
 -0.08    2.02607056      -177.56428203
 -0.08    2.10252606      -177.64688500
 -0.08    2.17898155      -177.72577346
 -0.08    2.25543704      -177.79812310
 -0.08    2.33189254      -177.86297689
 -0.08    2.40834803      -177.92247784
 -0.08    2.48480352      -177.97726696
 -0.08    2.56125901      -178.02575755
 -0.08    2.63771451      -178.06840723
 -0.08    2.71417000      -178.10492862
 -0.08    2.79062549      -178.13494217
 -0.08    2.86708099      -178.15885447
 -0.08    2.94353648      -178.17712474
 -0.08    3.01999197      -178.19020033
 -0.08    3.09644746      -178.19851312
 -0.08    3.17290296      -178.20247588
 -0.08    3.24935845      -178.20248164
 -0.08    3.32581394      -178.19890405
 -0.08    3.40226944      -178.19209826
 -0.08    3.47872493      -178.18240021
 -0.08    3.55518042      -178.17012693
 -0.08    3.63163592      -178.15557216
 -0.08    3.70809141      -178.13903280
 -0.08    3.78454690      -178.12075844
 -0.08    3.86100239      -178.10100337
 -0.06    1.72024859      -177.19540923
 -0.06    1.79670408      -177.31620509
 -0.06    1.87315958      -177.42033738
 -0.06    1.94961507      -177.51502387
 -0.06    2.02607056      -177.60181782
 -0.06    2.10252606      -177.68370378
 -0.06    2.17898155      -177.76224038
 -0.06    2.25543704      -177.83521297
 -0.06    2.33189254      -177.90028795
 -0.06    2.40834803      -177.96030653
 -0.06    2.48480352      -178.01360826
 -0.06    2.56125901      -178.06027508
 -0.06    2.63771451      -178.10075801
 -0.06    2.71417000      -178.13556937
 -0.06    2.79062549      -178.16387558
 -0.06    2.86708099      -178.18604104
 -0.06    2.94353648      -178.20256280
 -0.06    3.01999197      -178.21391373
 -0.06    3.09644746      -178.22054363
 -0.06    3.17290296      -178.22287768
 -0.06    3.24935845      -178.22131694
 -0.06    3.32581394      -178.21623978
 -0.06    3.40226944      -178.20800377
 -0.06    3.47872493      -178.19694583
 -0.06    3.55518042      -178.18338276
 -0.06    3.63163592      -178.16761224
 -0.06    3.70809141      -178.14990877
 -0.06    3.78454690      -178.13054988
 -0.06    3.86100239      -178.10976644
 -0.04    1.72024859      -177.22516578
 -0.04    1.79670408      -177.34809105
 -0.04    1.87315958      -177.45459366
 -0.04    1.94961507      -177.54998235
 -0.04    2.02607056      -177.63800081
 -0.04    2.10252606      -177.71823029
 -0.04    2.17898155      -177.79580911
 -0.04    2.25543704      -177.86823354
 -0.04    2.33189254      -177.93414168
 -0.04    2.40834803      -177.99331019
 -0.04    2.48480352      -178.04446125
 -0.04    2.56125901      -178.08896285
 -0.04    2.63771451      -178.12773718
 -0.04    2.71417000      -178.16084993
 -0.04    2.79062549      -178.18755169
 -0.04    2.86708099      -178.20813333
 -0.04    2.94353648      -178.22310742
 -0.04    3.01999197      -178.23296070
 -0.04    3.09644746      -178.23815219
 -0.04    3.17290296      -178.23911287
 -0.04    3.24935845      -178.23624685
 -0.04    3.32581394      -178.22993344
 -0.04    3.40226944      -178.22052975
 -0.04    3.47872493      -178.20837129
 -0.04    3.55518042      -178.19377280
 -0.04    3.63163592      -178.17702930
 -0.04    3.70809141      -178.15841727
 -0.04    3.78454690      -178.13819551
 -0.04    3.86100239      -178.11660651
 -0.02    1.72024859      -177.25514866
 -0.02    1.79670408      -177.37500443
 -0.02    1.87315958      -177.48302657
 -0.02    1.94961507      -177.58077240
 -0.02    2.02607056      -177.66705234
 -0.02    2.10252606      -177.74466485
 -0.02    2.17898155      -177.81885173
 -0.02    2.25543704      -177.89086492
 -0.02    2.33189254      -177.95800949
 -0.02    2.40834803      -178.01604947
 -0.02    2.48480352      -178.06611389
 -0.02    2.56125901      -178.10845088
 -0.02    2.63771451      -178.14609341
 -0.02    2.71417000      -178.17796770
 -0.02    2.79062549      -178.20348394
 -0.02    2.86708099      -178.22291355
 -0.02    2.94353648      -178.23677914
 -0.02    3.01999197      -178.24557366
 -0.02    3.09644746      -178.24975970
 -0.02    3.17290296      -178.24976988
 -0.02    3.24935845      -178.24600853
 -0.02    3.32581394      -178.23885412
 -0.02    3.40226944      -178.22866217
 -0.02    3.47872493      -178.21576618
 -0.02    3.55518042      -178.20047853
 -0.02    3.63163592      -178.18309161
 -0.02    3.70809141      -178.16387907
 -0.02    3.78454690      -178.14309674
 -0.02    3.86100239      -178.12098409
  0.00    1.72024859      -177.26784895
  0.00    1.79670408      -177.38393669
  0.00    1.87315958      -177.49437876
  0.00    1.94961507      -177.59252726
  0.00    2.02607056      -177.67760584
  0.00    2.10252606      -177.75390269
  0.00    2.17898155      -177.82658039
  0.00    2.25543704      -177.89955048
  0.00    2.33189254      -177.96671132
  0.00    2.40834803      -178.02451309
  0.00    2.48480352      -178.07408662
  0.00    2.56125901      -178.11543477
  0.00    2.63771451      -178.15281593
  0.00    2.71417000      -178.18424329
  0.00    2.79062549      -178.20930136
  0.00    2.86708099      -178.22828542
  0.00    2.94353648      -178.24172702
  0.00    3.01999197      -178.25011980
  0.00    3.09644746      -178.25392720
  0.00    3.17290296      -178.25358212
  0.00    3.24935845      -178.24948794
  0.00    3.32581394      -178.24202338
  0.00    3.40226944      -178.23154215
  0.00    3.47872493      -178.21837692
  0.00    3.55518042      -178.20283922
  0.00    3.63163592      -178.18521964
  0.00    3.70809141      -178.16579165
  0.00    3.78454690      -178.14480887
  0.00    3.86100239      -178.12250978
  0.02    1.72024859      -177.25225808
  0.02    1.79670408      -177.37188940
  0.02    1.87315958      -177.47965893
  0.02    1.94961507      -177.57859898
  0.02    2.02607056      -177.66434576
  0.02    2.10252606      -177.74209094
  0.02    2.17898155      -177.81700237
  0.02    2.25543704      -177.88896245
  0.02    2.33189254      -177.95635905
  0.02    2.40834803      -178.01478456
  0.02    2.48480352      -178.06500143
  0.02    2.56125901      -178.10725842
  0.02    2.63771451      -178.14520785
  0.02    2.71417000      -178.17714072
  0.02    2.79062549      -178.20276319
  0.02    2.86708099      -178.22228385
  0.02    2.94353648      -178.23623095
  0.02    3.01999197      -178.24509812
  0.02    3.09644746      -178.24934865
  0.02    3.17290296      -178.24941589
  0.02    3.24935845      -178.24570489
  0.02    3.32581394      -178.23859478
  0.02    3.40226944      -178.22844169
  0.02    3.47872493      -178.21557971
  0.02    3.55518042      -178.20032176
  0.02    3.63163592      -178.18296068
  0.02    3.70809141      -178.16377057
  0.02    3.78454690      -178.14300764
  0.02    3.86100239      -178.12091172
  0.04    1.72024859      -177.19971139
  0.04    1.79670408      -177.32164546
  0.04    1.87315958      -177.42974859
  0.04    1.94961507      -177.53016248
  0.04    2.02607056      -177.61918717
  0.04    2.10252606      -177.70103938
  0.04    2.17898155      -177.78086920
  0.04    2.25543704      -177.85404491
  0.04    2.33189254      -177.92215954
  0.04    2.40834803      -177.98276397
  0.04    2.48480352      -178.03524093
  0.04    2.56125901      -178.08019954
  0.04    2.63771451      -178.12038435
  0.04    2.71417000      -178.15430506
  0.04    2.79062549      -178.18182024
  0.04    2.86708099      -178.20312791
  0.04    2.94353648      -178.21875110
  0.04    3.01999197      -178.22918241
  0.04    3.09644746      -178.23488685
  0.04    3.17290296      -178.23630129
  0.04    3.24935845      -178.23383554
  0.04    3.32581394      -178.22787427
  0.04    3.40226944      -178.21877955
  0.04    3.47872493      -178.20689148
  0.04    3.55518042      -178.19252900
  0.04    3.63163592      -178.17599095
  0.04    3.70809141      -178.15755725
  0.04    3.78454690      -178.13748979
  0.04    3.86100239      -178.11602872
