  0    -0.1666666666664134     1.7967040845599997
  1    -0.1657817166664139     2.0024456249766276
  2    -0.1664748766664135     2.2062501654791133
  3    -0.1681834116664127     2.4222325369002689
  4    -0.1666949416664134     2.6319319870487026
  5    -0.1614202666664161     2.8313235164975370
  6    -0.1543536016664196     3.0177319475481017
  7    -0.1614203516664161     3.1356148493684786
  8    -0.1618140866664159     3.0841364102648479
  9    -0.1522713066664207     3.0714086732130643
 10    -0.1313649466664313     3.1844983890410465
 11    -0.1280412666664330     3.3026341674043866
 12    -0.1167812966664387     3.3761516669086662
 13    -0.1027446966664458     3.4134132070963843
 14    -0.0879365516664533     3.3417132457984970
 15    -0.0676894116664635     3.3132956947589269
 16    -0.0532506666664709     3.3111813181011174
 17    -0.0395009666664779     3.2668658029941775
 18    -0.0194407116664880     3.2394284113743552
 19    -0.0129096616664914     3.2890237516863796
 20    -0.0177048716664889     3.1893773963242884
 21    -0.0034550516664961     3.0688930963559478
 22    -0.0028959466664963     3.0296760157970462
 23     0.0072428233334984     3.1540308750964865
 24     0.0093900983334974     3.2225627119048443
 25     0.0130347983334956     3.1731613774062044
 26     0.0080386883334981     3.1449043829018506
 27     0.0034278083335005     3.0898659849072705
 28     0.0018098833335012     3.0779706570350891
 29     0.0193103933334923     3.1712610761286841
 30     0.0115355783334964     3.0956840567827948
 31     0.0149371433334946     3.1562140616979586
 32    -0.0032347216664962     3.1613325658128986
 33     0.0024646633335009     3.1817112040451887
 34     0.0163709683334939     3.1982502474210284
 35     0.0123851183334959     3.2530747611740529
 36     0.0197230133334921     3.2465894239837216
 37     0.0346605733334846     3.2864617281172901
 38     0.0398852183334819     3.2438100756758925
 39     0.0312021183334863     3.3460387153127082
 40     0.0278241083334880     3.2406174854286158
 41     0.0144543333334948     3.1661005214926163
 42     0.0001086733335021     3.2100337591347556
 43    -0.0008664116664974     3.0714373440229248
 44    -0.0053589316664951     2.9492450283418585
 45     0.0074494383334984     3.0027432304307595
 46     0.0062885933334990     3.0489062925250772
 47    -0.0081467866664937     3.1758291006943118
 48    -0.0146045966664905     3.1953386311103791
 49    -0.0057555616664950     3.2389339354736362
 50    -0.0206672366664873     3.2765217494775616
