  0    -0.1666666666664134     1.7967040845600075
  1    -0.1646017969814786     2.2767658143759215
  2    -0.1572686127276067     2.5705578716502937
  3    -0.1581876199398838     2.7052384511063878
  4    -0.1562326458211305     2.8108786913172472
  5    -0.1510368947199858     2.8889217508043927
  6    -0.1417215787573666     3.0009729398268843
  7    -0.1466955349527637     3.0841319894957353
  8    -0.1406465484340079     3.0666981269590581
  9    -0.1391692088356429     3.1041178205828164
 10    -0.1270075792277404     3.1480578832747268
 11    -0.1141527950776586     3.1751701422022451
 12    -0.1069014458175933     3.1742472091455589
 13    -0.1099038941651386     3.2732317145488472
 14    -0.1086233734712684     3.1872530236154013
 15    -0.0960339771014476     3.2132590489405928
 16    -0.0797289268895066     3.3187420223609396
 17    -0.0697621872072496     3.3757960785816952
 18    -0.0601951286629723     3.2976690729298150
 19    -0.0468452481613186     3.3029619393546477
 20    -0.0504612517828569     3.2661153668843417
 21    -0.0550873857890771     3.2283454363226034
 22    -0.0475268177453709     3.2817040634022732
 23    -0.0357018853527997     3.2715261150337507
 24    -0.0356448185279403     3.2482474591975619
 25    -0.0373286371178230     3.2788463340353378
 26    -0.0323628958282992     3.2102393976285817
 27    -0.0201023275759752     3.1206425113736778
 28    -0.0079095180096347     3.2078834471754436
 29     0.0023407887114327     3.1949001757296833
 30     0.0128120514952231     3.1634868919572150
 31     0.0075504163992805     3.0866774872007054
 32     0.0169148520559311     3.1481164274864839
 33     0.0336018832150715     3.1406526591731949
 34     0.0319012880259315     3.1660528514924904
 35     0.0180671433108790     3.1303879902667848
 36     0.0042114822360340     3.1370558510666755
 37    -0.0076128828694830     3.0989929337614956
 38    -0.0013224027830968     3.1049644665567966
 39    -0.0015875636992659     3.1797379531356742
 40     0.0103465273038810     3.1769443500906589
 41     0.0186700378379406     3.1463857395405430
 42     0.0134307172312635     3.1581041527817502
 43     0.0140264256810115     3.1567701911067383
 44     0.0210234167409279     3.1539669480724624
 45     0.0009044807828468     3.1864786873153079
 46    -0.0080104216504964     3.1715901624705327
 47    -0.0105077798358484     3.1382604802537108
 48    -0.0090089312543468     3.1700138128181852
 49    -0.0170896396666332     3.1681686012543286
 50    -0.0220327490924135     3.1564088222073265
