  0    -0.1666666666664134     1.7967040845599997
  1    -0.1666666666664134     1.9025395120772040
  2    -0.1746267766664095     1.9730666461130855
  3    -0.1592198166664172     2.0980312379688812
  4    -0.1861021166664036     2.1776145251458749
  5    -0.1929093816664001     2.2535747776502264
  6    -0.1994342716663968     2.3238069846220153
  7    -0.2178777066663874     2.3926482750381295
  8    -0.2300600666663813     2.4605950361866102
  9    -0.2452683416663736     2.5068464043752976
 10    -0.2577961716663671     2.5706446904757696
 11    -0.2530897666663697     2.6062909172359756
 12    -0.2532494616663696     2.6660965063553435
 13    -0.2788920866663566     2.7017815342782261
 14    -0.2919905716663500     2.7406918371716271
 15    -0.3025438366663447     2.7808326912242181
 16    -0.3126526966663395     2.8126435281800850
 17    -0.3188289366663364     2.8465842240310861
 18    -0.3341743166663285     2.8965899392015730
 19    -0.3353371166663279     2.9377940980225072
 20    -0.3340384516663288     2.9560730772793828
 21    -0.3472818616663220     3.0166319441431408
 22    -0.3714890766663096     3.0256448999307302
 23    -0.3741007216663084     3.0366447428416175
 24    -0.3707302916663099     3.0192773041995560
 25    -0.3565956866663172     3.0222508494595028
 26    -0.3506985216663203     3.0327562164696720
 27    -0.3545694166663182     3.0324393084513521
 28    -0.3493423416663210     3.0698709621109064
 29    -0.3515283466663199     3.0906993497805351
 30    -0.3542879516663184     3.1674883798285722
 31    -0.3568172166663171     3.1316190941676560
 32    -0.3564097616663174     3.1201777207849246
 33    -0.3588524516663162     3.1389907416601273
 34    -0.3535195116663187     3.1767347160084221
 35    -0.3580791116663164     3.1538060959471839
 36    -0.3469563566663221     3.1340973989719547
 37    -0.3429598666663241     3.1636986721812774
 38    -0.3285354416663314     3.1798917544514733
 39    -0.3509022166663201     3.2670850391202406
 40    -0.3304457716663303     3.2511943383247015
 41    -0.3506214566663201     3.2078436915389177
 42    -0.3413123366663249     3.2177916980054078
 43    -0.3390253366663262     3.3358565638990276
 44    -0.3387030866663264     3.3367287299349697
 45    -0.3369151966663272     3.2875707150426763
 46    -0.3472030816663220     3.2352229769840899
 47    -0.3642342766663133     3.2318447910276529
 48    -0.3538470116663187     3.1688246307067809
 49    -0.3278654916663318     3.2434767297265870
 50    -0.3328010266663293     3.2637422138292971
