  1    -0.00167312       3.40830068E-03
  2     0.00015949       4.04931266E-03
  3     0.00119417       4.73176520E-03
  4    -0.01093733       4.23637375E-03
  5    -0.00134888       4.03026198E-03
  6    -0.00164976       3.49319157E-03
  7    -0.00598952       3.91614887E-03
  8    -0.00254060       3.84448446E-03
  9    -0.00080012       3.88945136E-03
 10    -0.00906025       3.93746732E-03
 11    -0.00384609       3.32239895E-03
 12    -0.00077573       4.01442262E-03
 13    -0.00316341       3.77821839E-03
 14    -0.00158870       4.48155107E-03
 15    -0.00272298       3.83530868E-03
 16    -0.00999866       3.83731590E-03
 17    -0.00747453       3.90694458E-03
 18    -0.00779180       3.82441200E-03
 19    -0.00137387       4.43609697E-03
 20    -0.00659335       3.65446544E-03
