  0     0.44864880       1.19402975E-03
  1     0.25311008       9.97176098E-03
  2     0.17471967       1.12450496E-02
  3     0.12459403       1.90400207E-02
  4     0.16613686       1.04315162E-02
  5     0.18363851       1.14325306E-02
  6     0.21598433       1.26158948E-02
  7     0.17012600       1.22336081E-02
  8     0.14025959       9.56221501E-03
  9     0.13966962       1.10510963E-02
 10     0.13593599       9.34833861E-03
 11     0.13828877       9.99832618E-03
 12     0.10638678       1.15489731E-02
 13     0.07500229       1.18125095E-02
 14     0.05697006       1.28400221E-02
 15     0.06410446       1.21481738E-02
 16     0.06520008       1.26523791E-02
 17     0.05087306       8.90418148E-03
 18     0.07252136       1.18016093E-02
 19     0.06522388       1.22885134E-02
 20     0.05752301       9.06955496E-03
 21     0.05238783       1.20907638E-02
 22     0.06908364       1.00592993E-02
 23     0.06942578       1.04406261E-02
 24     0.00974875       1.20348010E-02
 25     0.03959675       1.01024983E-02
 26     0.01379078       8.19614675E-03
 27     0.04679402       1.34581215E-02
 28     0.06270400       1.45396758E-02
 29     0.03350544       1.26641405E-02
 30     0.04881980       9.01840033E-03
 31     0.02973942       1.34486834E-02
 32     0.05440805       1.18390551E-02
 33     0.07314528       1.16494902E-02
 34     0.06063588       1.28722511E-02
 35     0.02616222       1.18122205E-02
 36     0.02049027       1.10612570E-02
 37     0.07267864       1.04464857E-02
 38     0.02167014       1.02698268E-02
 39     0.03324311       8.20415732E-03
 40     0.00885002       1.04038955E-02
 41     0.04189159       1.13745559E-02
 42     0.06605852       1.30466821E-02
 43     0.02807516       1.13864332E-02
 44     0.03165266       1.13918708E-02
 45     0.03346519       1.06620688E-02
 46     0.02546754       1.33779556E-02
 47     0.05139306       1.10415657E-02
 48     0.04957288       1.25527511E-02
 49     0.02805105       1.23608451E-02
 50     0.05236984       1.01324370E-02
 51     0.04928600       1.28604061E-02
 52     0.03875509       1.10155001E-02
 53     0.04465553       9.29266904E-03
 54     0.06019006       1.15862736E-02
 55     0.02181353       1.41716861E-02
 56     0.04930952       1.13986083E-02
 57     0.00859030       1.74547377E-02
 58     0.06168648       1.07565179E-02
 59     0.03628307       7.91889336E-03
 60     0.01914413       1.16887206E-02
 61     0.05583961       1.10224669E-02
 62     0.02688316       1.20029401E-02
 63     0.03168573       1.00449239E-02
 64     0.03865052       1.17061860E-02
 65     0.07259906       1.15993107E-02
 66     0.04454127       1.25996702E-02
 67     0.03043152       1.40039639E-02
 68     0.04402628       1.24997807E-02
 69     0.02979789       1.27577192E-02
 70    -0.00222151       1.29771367E-02
 71     0.05099826       1.16201449E-02
 72     0.06295982       8.70515698E-03
 73     0.04772216       8.70289241E-03
 74     0.03561011       1.45839032E-02
 75     0.02915856       1.35988455E-02
 76     0.06897791       1.02903204E-02
 77     0.05392426       1.00502546E-02
 78     0.02988736       1.08842276E-02
 79     0.02843453       1.16912660E-02
 80     0.06797095       1.10434483E-02
 81     0.03869560       1.29898090E-02
 82     0.00039993       1.16933893E-02
 83     0.02415119       1.50104189E-02
 84     0.03934004       1.26107611E-02
 85     0.02143746       9.47514421E-03
 86     0.02730383       1.94185471E-02
 87     0.02439439       1.28973114E-02
 88     0.02084170       1.75662593E-02
