  0     0.4136667734517294
  1     0.2633273993475446
  2     0.1914360815933914
  3     0.1161476124129885
  4     0.2412217720023118
  5     0.3633322168412492
  6     0.3090413843588553
  7     0.2732972284833143
  8     0.2876908013453081
  9     0.2521071114845935
 10     0.2629623923469110
 11     0.2458873262277452
 12     0.3316556033442244
 13     0.2576895682225667
 14     0.2382888549748370
 15     0.1928771870113074
 16     0.2024853872628817
 17     0.1939255596519961
 18     0.2456253301000566
 19     0.2329277896787888
 20     0.2400593224478153
