 26           0.7677573834204259
 27           0.7194080323213629
 28           0.7150785475539512
 29           0.6600912213855089
 30           0.6316811694239111
 31           0.5756344859467500
 32           0.5243942785540677
 33           0.5149128270251234
 34           0.5137268851366663
 35           0.5248865017942581
 36           0.5224178444908454
 37           0.5277427902182422
 38           0.5319076276075627
 39           0.5234192020361306
 40           0.5094427790109179
 41           0.5095181331067341
 42           0.5065292226025159
 43           0.4982515913347548
 44           0.4915042464129770
 45           0.4832567607871475
 46           0.4783315041847767
 47           0.4749294758378744
 48           0.4767303881620595
 49           0.4677505782775153
 50           0.4612766835803461
 51           0.4580499302140955
 52           0.4604133495245067
 53           0.4650875292874793
 54           0.4763904478931596
 55           0.4736529433091777
 56           0.4619905122712536
 57           0.4530598715387318
 58           0.4429306277408478
 59           0.4321539843462459
 60           0.4329608261213030
 61           0.4276605384580877
 62           0.4224378523959650
 63           0.4243821384020642
 64           0.4314012967765774
 65           0.4328453960291782
 66           0.4298365707263324
 67           0.4267843973017062
 68           0.4192198311362649
 69           0.4140382853498908
 70           0.4121691460861942
 71           0.4146329184992168
 72           0.4236118181057121
 73           0.4215494393794980
 74           0.4192758612251499
 75           0.4157016335723718
 76           0.4173954605793079
 77           0.4221702321311463
 78           0.4225417292991481
 79           0.4226193582418966
 80           0.4261375977035164
 81           0.4256330033137170
 82           0.4202344487349494
 83           0.4165120304767674
 84           0.4164075912472188
 85           0.4147432797128465
 86           0.4146644118878426
 87           0.4128429280026445
 88           0.4136667734517294
