  0           3.4910624636795751
  1           3.3982327249199966
  2           3.3369161120463486
  3           3.3376316113374629
  4           3.4388482668133560
  5           3.4959604350751521
  6           3.5005092088077343
  7           3.3297132431481735
  8           3.1103367708074221
  9           2.8784904478742721
 10           2.7047859476270513
 11           2.5765252663792433
 12           2.4467613068698841
 13           2.1539480594737417
 14           1.8297553200381922
 15           1.5915338811640196
 16           1.7277137294229123
 17           1.4776617589350085
 18           1.1056411318246440
 19           1.2019978391777417
 20           1.0964904453676807
 21           1.2178011955161092
 22           1.1045873668215698
 23           0.9690535838722633
 24           0.7506606104351370
 25           0.8961421988616959
 26           0.7677573834204269
 27           0.8286905319956722
 28           0.8467759737954323
 29           0.7119572378702436
 30           0.7557916325995210
 31           0.4765920841911718
 32           0.6974900274356677
 33           0.8644567650898949
 34           0.8087652176175107
 35           0.7913945842745127
 36           0.7333492831987350
 37           0.8801799154779624
 38           0.7729555525374904
 39           0.8509413993783645
 40           0.6226110324109091
 41           0.7499875807210354
 42           0.9065473232731657
 43           0.7041127293663073
 44           0.6273317593468513
 45           0.7372657290509091
 46           0.7258069703917399
 47           0.7605388075318638
 48           0.8635560982596012
 49           0.6574400886572995
 50           0.6903395856014367
 51           0.6453789257911583
 52           0.7852308900251167
 53           0.8088773699805909
 54           1.1204857299513804
 55           0.6976386915383911
 56           0.7385838608836347
 57           0.5443320736101633
 58           0.7607368508415596
 59           0.6545844320559830
 60           0.6913852329971055
 61           0.7546634322124369
 62           0.6808722895053527
 63           0.6476366075208849
 64           0.9115064332812284
 65           1.0052013154332311
 66           0.8238387065245072
 67           0.7769716969746450
 68           0.7630358054515695
 69           0.7591056613186762
 70           0.6963575494363579
 71           0.8130820166738908
 72           0.9606968675652986
 73           0.6643124647938939
 74           0.6775698812090772
 75           0.7731385869686485
 76           0.9046608895058640
 77           0.8722949986105423
 78           0.6508503016195806
 79           0.6369778250705639
 80           0.9393485355217033
 81           0.7489006467069657
 82           0.5108179103792945
 83           0.5903161678739709
 84           0.6802297157111663
 85           0.6640054368013744
 86           0.9716984332097210
 87           0.7633035996608938
 88           0.9508448877400056
