  0 -63.41284111
  1 -63.63674511
  2 -63.74518558
  3 -63.79877214
  4 -63.75278120
  5 -63.72516630
  6 -63.65833874
  7 -63.73710659
  8 -63.74935370
  9 -63.75241497
 10 -63.75311237
 11 -63.74856789
 12 -63.75856239
 13 -63.76994752
 14 -63.75412927
 15 -63.76216124
 16 -63.77161285
 17 -63.76568406
 18 -63.74714197
 19 -63.74169705
 20 -63.74323154
 21 -63.73818732
 22 -63.71606467
 23 -63.73650525
 24 -63.75867318
 25 -63.74282123
 26 -63.74914811
 27 -63.75620627
 28 -63.73684837
 29 -63.76519592
 30 -63.75304667
 31 -63.75763313
 32 -63.74379920
 33 -63.74972920
 34 -63.73990412
 35 -63.75732864
 36 -63.76762541
 37 -63.73221831
 38 -63.78229153
 39 -63.77206085
 40 -63.77218507
 41 -63.77922360
 42 -63.75957429
 43 -63.76326233
 44 -63.75502473
 45 -63.76080331
 46 -63.77397876
 47 -63.76725465
 48 -63.74324215
 49 -63.75296038
 50 -63.75760967
 51 -63.75228500
 52 -63.75023469
 53 -63.75457636
 54 -63.70611577
 55 -63.76500209
 56 -63.73452783
 57 -63.77079222
 58 -63.75116662
 59 -63.76630578
 60 -63.76988029
 61 -63.75627613
 62 -63.75441302
 63 -63.75499766
 64 -63.73158431
 65 -63.73673803
 66 -63.75978500
 67 -63.75224417
 68 -63.74632102
 69 -63.75296015
 70 -63.77196908
 71 -63.75310448
 72 -63.74393576
 73 -63.76658120
 74 -63.75501595
 75 -63.76284692
 76 -63.74444805
 77 -63.75960435
 78 -63.75553190
 79 -63.75692530
 80 -63.71068950
 81 -63.76472844
 82 -63.77361472
 83 -63.76157850
 84 -63.75957015
 85 -63.77851317
 86 -63.75808358
 87 -63.76707930
 88 -63.75346500
