  0 -62.87348051
  1 -63.08830141
  2 -63.19501887
  3 -63.25120374
  4 -63.23084701
  5 -63.21534088
  6 -63.16561807
  7 -63.23060737
  8 -63.23961080
  9 -63.24839757
 10 -63.24574657
 11 -63.26183702
 12 -63.28275117
 13 -63.30288559
 14 -63.30340194
 15 -63.31376366
 16 -63.30187654
 17 -63.32274184
 18 -63.31615691
 19 -63.32021501
 20 -63.32572487
 21 -63.32530558
 22 -63.32666680
 23 -63.34112287
 24 -63.34413293
 25 -63.33416253
 26 -63.34448245
 27 -63.34175897
 28 -63.33358971
 29 -63.34653108
 30 -63.33771790
 31 -63.35408401
 32 -63.33718241
 33 -63.34158278
 34 -63.33258705
 35 -63.34054969
 36 -63.35151005
 37 -63.32008518
 38 -63.35149976
 39 -63.34084133
 40 -63.35501216
 41 -63.34706009
 42 -63.33216631
 43 -63.34498674
 44 -63.34566429
 45 -63.33902722
 46 -63.35103284
 47 -63.34430987
 48 -63.32786494
 49 -63.34492001
 50 -63.34142366
 51 -63.34698972
 52 -63.34587755
 53 -63.34006580
 54 -63.30681562
 55 -63.35528108
 56 -63.33019092
 57 -63.35871033
 58 -63.33973551
 59 -63.34825914
 60 -63.34878187
 61 -63.34160417
 62 -63.34414661
 63 -63.35148457
 64 -63.31992883
 65 -63.30857299
 66 -63.34474304
 67 -63.33721057
 68 -63.35176335
 69 -63.33887073
 70 -63.35488243
 71 -63.33033646
 72 -63.32699207
 73 -63.34776785
 74 -63.34933127
 75 -63.35008555
 76 -63.33415892
 77 -63.33914272
 78 -63.34536099
 79 -63.35422862
 80 -63.31235186
 81 -63.33999762
 82 -63.36376375
 83 -63.35455555
 84 -63.34771181
 85 -63.36054495
 86 -63.33075730
 87 -63.35103893
 88 -63.33814436
