  0 3.4910624636795751
  1 3.5402109330131402
  2 3.2792584406288463
  3 2.9323376042464622
  4 2.9248721627688190
  5 2.8168330514223237
  6 2.7550729539249250
  7 2.6418939347197941
  8 2.4707806496397935
  9 2.3506367146004172
 10 2.3663239989630611
 11 2.2058698278389617
 12 2.3067795391707442
 13 1.9698876676033132
 14 2.1761913387797551
 15 2.0635904336385149
 16 2.1347534224630782
 17 1.9915711858137239
 18 1.8780450231555992
 19 1.8129150614556455
 20 2.0397547728845291
 21 1.8737500428554570
 22 1.5614466204387072
 23 1.5420141732970778
 24 1.4595857545278648
 25 1.5401289314611637
 26 1.4831437508289322
 27 1.3064774520074629
 28 1.4829351286123611
 29 1.0929506026988343
 30 0.9645284426947628
 31 1.1207600148756534
 32 0.8384904749374573
 33 0.7111702239316611
 34 0.6851781128869195
 35 0.5939262951972134
 36 0.6446346788776339
 37 0.5003652890707778
 38 0.5363575147561899
 39 0.5465273203798146
 40 0.4414453066103808
 41 0.4516984712560979
 42 0.3578200192157551
 43 0.3005858993872146
 44 0.3108325593124807
 45 0.3354928814039097
 46 0.4040398407813543
 47 0.3562335061162807
 48 0.3822523249733809
 49 0.3739142843496099
 50 0.4278272131939522
 51 0.3537449187427962
 52 0.4597691741207531
 53 0.3727439522835981
 54 0.4347063710947734
 55 0.4391714239626260
 56 0.4116012267489423
 57 0.3920228938343010
 58 0.4104434454974938
 59 0.4560085741435953
 60 0.3313241723700726
 61 0.3540079939786854
 62 0.4591601152462023
 63 0.3276325368270005
 64 0.4552945353420652
 65 0.4234822886624368
 66 0.3546106531736287
 67 0.3236798806514663
 68 0.3516162482829716
 69 0.3196889968107376
 70 0.3946240359054474
 71 0.2731305141022429
 72 0.2999556808216213
 73 0.3473149528756366
 74 0.2914580330710886
 75 0.4367069353357384
 76 0.3212399665398821
 77 0.3204988144573879
 78 0.3698146129606554
 79 0.3670098599649155
 80 0.4890838438840898
