  0 3.4910624636795751
  1 3.5402109330131402
  2 3.3057477809931091
  3 3.0529189964057726
  4 3.0249626506626219
  5 2.8992522794919222
  6 2.7540546876699437
  7 2.6226971538714396
  8 2.4934018498422215
  9 2.3492050167973226
 10 2.2476550651200831
 11 2.2069191841546334
 12 2.3368966928737716
 13 2.1798514907231334
 14 2.0798082623369045
 15 2.0990794669614843
 16 2.0734439866079430
 17 1.8378493350048184
 18 1.9048743123935790
 19 1.8943331048486205
 20 1.8736386983708870
 21 1.7299305630854298
 22 1.8824928305280499
 23 1.9581416462778993
 24 1.9974999519322336
 25 1.8913430698552136
 26 2.1057275676286147
 27 1.9838447587497450
 28 1.8204146445308673
 29 1.7559130724305789
 30 1.5835849732645457
 31 1.5004858300802255
 32 1.3998740453574650
 33 1.5039055790754565
 34 1.2080489966404671
 35 1.3802804888447897
 36 1.1422378268987714
 37 1.0796112533867677
 38 0.9547394670401109
 39 0.8981884732926471
 40 0.7667811030855461
 41 0.8733575399960701
 42 1.0220601114397005
 43 0.8807530458633542
 44 0.6696222081500393
 45 0.5663205922405187
 46 0.5550021817947373
 47 0.5827517341272563
 48 0.3767925763288224
 49 0.3825786337964617
 50 0.2476681867648815
 51 0.3375124295877289
 52 0.2641191634629233
 53 0.3208226156056064
 54 0.3921192497273530
 55 0.3728913443283073
 56 0.4502762616362475
 57 0.3173697438414132
 58 0.4091921244595176
 59 0.3334609847794721
 60 0.4924807761377567
 61 0.3389134171463421
 62 0.4103970712612505
 63 0.3660077358831618
 64 0.3380871177474646
 65 0.3291973769304975
 66 0.2999669869321816
 67 0.3357007904867607
 68 0.2917178420943837
 69 0.3168783618265992
 70 0.3471225344804227
 71 0.3760137487261203
 72 0.2784150619879499
 73 0.3796121523660708
 74 0.3561239738529144
 75 0.3646324285386008
 76 0.2700721645062155
 77 0.3083243648521581
 78 0.1913851167530796
 79 0.3229587780585464
 80 0.2576064749000040
