  0 3.4910624636795751
  1 3.5402109330131402
  2 3.2837902674768871
  3 2.9673947063872079
  4 3.0184454928753528
  5 2.7759555136191811
  6 2.7662268335087195
  7 2.6165410980556616
  8 2.5499752153654760
  9 2.3977377398612654
 10 2.3432634952197686
 11 2.1513450918217489
 12 2.0576085454160369
 13 2.0605404855022158
 14 2.0177818271089896
 15 1.8803998854858419
 16 1.8237496062508876
 17 1.7581635263617348
 18 1.7424596329914144
 19 1.7244478556175633
 20 1.7352255551997435
 21 1.6851541890779755
 22 1.6398400188581292
 23 1.4423314878908682
 24 1.3892623611073702
 25 1.1512643750884552
 26 1.1329015940924403
 27 1.0790658640357709
 28 1.1866574972334294
 29 0.8774470798622811
 30 0.7970344156708469
 31 0.5845411730035034
 32 0.5456412907212035
 33 0.5600748911267712
 34 0.4047553829780348
 35 0.4741382657298364
 36 0.3948401883875796
 37 0.4354292279156798
 38 0.5048134673557145
 39 0.4008438179354137
 40 0.3351738475860751
 41 0.4077743164840251
 42 0.4522915718489397
 43 0.3806972771535986
 44 0.5745955644724108
 45 0.4167418425408793
 46 0.4161664421515940
 47 0.5469050370360363
 48 0.4545753863393895
 49 0.4289810605529019
 50 0.4588431440745694
 51 0.3938064006745805
 52 0.3046732419933549
 53 0.3512493875940410
 54 0.2893475979952926
 55 0.2638931976091291
 56 0.2621954625136947
 57 0.3456982981612483
 58 0.4322380097463847
 59 0.3505359008190250
 60 0.3786830698336247
 61 0.3138896730531005
 62 0.2962268244755069
 63 0.4036784428149242
 64 0.3879762382335831
 65 0.3906281395978964
 66 0.3253577927848449
 67 0.3784306728498933
 68 0.2687935021155304
 69 0.3836485227151745
 70 0.2706924539570358
 71 0.2449986213201986
 72 0.3246169055400823
 73 0.2469589965296382
 74 0.3461380706003480
 75 0.2904611101138859
 76 0.2719526609969098
 77 0.3461892039056985
 78 0.3181018872373571
 79 0.3655817850226305
 80 0.2167608562834422
