  0  3.4910624636795751
  1  3.3287290525081463
  2  3.2908253035124897
  3  3.2823705782885519
  4  3.3345538012208400
  5  3.4361040242055507
  6  3.5432883749339359
  7  3.5976505834038801
  8  3.6432506374735691
  9  3.6981135655286068
 10  3.7297871516456516
 11  3.7620468371123041
 12  3.7784839697291597
 13  3.7863860518714270
 14  3.7880409915891859
 15  3.7838706679254912
 16  3.7382227280567317
 17  3.6798921546392780
 18  3.6312384163152513
 19  3.5866757008302028
 20  3.5334093855526842
 21  3.4612765084365318
 22  3.3699000713948832
 23  3.2956416170718463
 24  3.2227423841913136
 25  3.1419783707215871
 26  3.0510559168806197
 27  2.9556683862710877
 28  2.8607113730524185
 29  2.7714027215622319
 30  2.6979779679537899
 31  2.6276191491065966
 32  2.5731327131092838
 33  2.5307646570568636
 34  2.4847528318363801
 35  2.4496014084274247
 36  2.4181148869958973
 37  2.3656211571386851
 38  2.3263319113204952
 39  2.2981764165201137
 40  2.2830805339913796
 41  2.2371132160529261
 42  2.1723893122364766
 43  2.0960108630448624
 44  2.0037735283436948
 45  1.9000943067548193
 46  1.7898748366672015
 47  1.6854834509558814
 48  1.6052491277167182
 49  1.5084539035467812
 50  1.4375711659182948
 51  1.3680157196130078
 52  1.3033235006956807
 53  1.2570217328791795
 54  1.1577046302848324
 55  1.0893355698170413
 56  0.8349070473058553
 57  0.6915930618107570
 58  0.6669337368563745
 59  0.7230541804930438
 60  0.7634983614448646
 61  0.7861308559819222
 62  0.7991823709093285
 63  0.7728037173061673
 64  0.7609264363126070
 65  0.7285102690887287
 66  0.6991868515445157
 67  0.6898668147033790
 68  0.6430034356579069
 69  0.5999963506504474
 70  0.5695168511318817
 71  0.4222133646609177
 72  0.3652844203491815
 73  0.4310429622545766
 74  0.4442241383584810
 75  0.4996563737711934
 76  0.5098951179415516
 77  0.4987112745448009
 78  0.4834804930146882
 79  0.4761459767196080
 80  0.4425518348098801
