  0  3.4910624636795751
  1  3.3287290525081463
  2  3.2713669792988109
  3  3.2691284639326854
  4  3.3161504680779190
  5  3.3944587011463847
  6  3.4777441905965105
  7  3.5275874361312081
  8  3.5478601765989959
  9  3.5763097182108270
 10  3.6086472614524872
 11  3.6095167267176493
 12  3.5925160196553318
 13  3.5704358105850220
 14  3.5355835555851010
 15  3.4882236884813733
 16  3.4589711656667470
 17  3.4281138042545702
 18  3.3903843966461635
 19  3.3426528498511838
 20  3.2689358628227714
 21  3.1975052628604970
 22  3.1473049871178582
 23  3.0878613640009784
 24  3.0331538911308713
 25  2.9513702195330698
 26  2.8608893291720983
 27  2.7682817502054911
 28  2.6801933645376499
 29  2.5672259122350503
 30  2.4530039813589060
 31  2.3522195378579127
 32  2.2784050137402048
 33  2.2241885145382025
 34  2.1852312556823592
 35  2.1219141803478303
 36  2.0815084849788787
 37  2.0496577526824153
 38  2.0126598094769292
 39  1.9783718586307144
 40  1.9817647826372389
 41  1.9843251662074426
 42  1.9678147979705678
 43  1.9693272673866287
 44  1.9700783935215007
 45  1.9509321186409450
 46  1.9239215895626824
 47  1.9039163903624940
 48  1.8706161458467496
 49  1.8205021086636586
 50  1.7564078288756650
 51  1.7322940876361366
 52  1.7386397999950676
 53  1.7513420390012766
 54  1.7962274000600054
 55  1.8523625736450602
 56  1.9040411341972654
 57  1.8312093709412010
 58  1.8095305126108265
 59  1.8053001807369178
 60  1.7791577107850807
 61  1.7768940934595363
 62  1.8007631582101558
 63  1.8406662403001741
 64  1.8503439535082216
 65  1.9311371864192235
 66  1.9756289993013085
 67  1.9872595165947025
 68  1.9853966906886169
 69  1.9559491025371007
 70  1.8847513787132553
 71  1.8232730179930654
 72  1.7416079149264669
 73  1.7269132653014110
 74  1.7574995052091220
 75  1.7868081999931598
 76  1.8389044135125359
 77  1.8573130464245506
 78  1.7096162374585222
 79  1.5483234341372292
 80  1.4118600077938301
