  0  3.4910624636795751
  1  3.3287290525081463
  2  3.2822772862201139
  3  3.2842207849087441
  4  3.3373325124760398
  5  3.3934136804813035
  6  3.4523926691076667
  7  3.4803329267801009
  8  3.4745734242749333
  9  3.4562557169431778
 10  3.4178546155952274
 11  3.3799610573407088
 12  3.3246374789861726
 13  3.2720202098829851
 14  3.2257110012338157
 15  3.1971684299295098
 16  3.1466602877419172
 17  3.0596616113208253
 18  2.9866218587242059
 19  2.9321282218286582
 20  2.8748166128013559
 21  2.8227100464613404
 22  2.7413552562048444
 23  2.6615809405443063
 24  2.5969035627522641
 25  2.5292698869762704
 26  2.4649634830711773
 27  2.4206066981498364
 28  2.4138899658814181
 29  2.3913685821879849
 30  2.3392215765977666
 31  2.2746931610238676
 32  2.2168945507718396
 33  2.1762295578291302
 34  2.1510875099982680
 35  2.1385894776768253
 36  2.1194595787925214
 37  2.0887848602000076
 38  2.0242557066806581
 39  1.9441870144642657
 40  1.8416580800847793
 41  1.7464882242692727
 42  1.6592101480562893
 43  1.6083119138087343
 44  1.5845309673677175
 45  1.5809333963318863
 46  1.5611831552955326
 47  1.5108356242740728
 48  1.4664921185259907
 49  1.4481689704528482
 50  1.4124692294337442
 51  1.3720502348636845
 52  1.3680977707185689
 53  1.3683395140339205
 54  1.3893720378253227
 55  1.4165193708489368
 56  1.4542612058591124
 57  1.4298195502443209
 58  1.3732674796713957
 59  1.3498653227203368
 60  1.3346990230987694
 61  1.3384546259932648
 62  1.3251626396512795
 63  1.0990884237162413
 64  0.9262851291304514
 65  0.8230609285960134
 66  0.7758822388681954
 67  0.7633110152343416
 68  0.7577595558480034
 69  0.7481353489591438
 70  0.7021425446398473
 71  0.6602979480406928
 72  0.6240446547716757
 73  0.5577527562495648
 74  0.4949653599216433
 75  0.4743121135603578
 76  0.4248900662354910
 77  0.3893833884521933
 78  0.3997014033488981
 79  0.4352848465835915
 80  0.4666384713080138
