   0     3.4910624636795751
   4     3.3748198438214336
   6     3.2100162973143300
   9     3.0306767482613148
  11     2.7702915489447340
  13     2.6044181885256603
  15     2.4656300905947015
  16     2.1171471459156446
  17     1.5952729844086573
  23     1.5027111669349860
  24     1.4041438766511953
  34     1.3863009361205894
  40     1.3624074407323876
  44     1.2584542340873133
  45     1.1221070816563652
  46     0.9561199049134235
  49     0.8815092996856925
  52     0.8411441737348171
  62     0.8010681167957748
  65     0.6978797683940563
  66     0.5898969881827163
  76     0.5744273640947731
  78     0.4982905534795545
  89     0.4175134652775597
