   0     3.4910624636795751
   3     3.3604241959387253
   6     3.1917594128322424
   8     3.0236495468634446
  12     2.7493264852127925
  14     2.2785274254835035
  21     2.0072180935391648
  27     1.7047753177251455
  29     1.3237727191147854
  30     1.0676377754759363
  37     0.8769149489265039
  39     0.8026463209686941
  42     0.7871437455706477
  43     0.7844764046217613
  65     0.6333499311305647
  69     0.5942682057902751
  75     0.5734000575189649
  78     0.5448513608363317
  79     0.4742973414783022
  86     0.3382235744923613
