   0     3.4910624636795751
   4     3.3802919138685805
   9     3.2226141693741281
  14     2.9715642440539898
  20     2.8576407218279249
  28     2.6881942903759177
  35     2.4992199013168563
  37     1.9880123080015575
  42     1.6039039027856059
  47     1.3683997186166350
  53     1.2911303152090960
  74     1.2793500829260833
  76     1.2866908669456476
  80     1.2842388644282803
  81     1.2618786769550689
  85     1.2290442930899950
  86     1.1990770547503569
  93     1.1566601649864869
 101     1.1254221577051282
 107     1.0068100776802951
 116     0.9562640310966025
 117     0.8904073844856656
 121     0.8001008694650790
 122     0.7199862774205942
 124     0.6172124258253867
 126     0.4997980292040431
