   0 3.4910624636795751
   1 3.3855677546085436
   2 3.2754152663821192
   3 3.1920962431830793
   4 3.1314700179184043
   5 3.0041285384977430
   6 2.8104211135468433
   7 2.6915452081768256
   8 2.4665519776998162
   9 2.3492082390173081
  10 2.0618224811340418
  11 1.8481985377681394
  12 1.6288215922947686
  13 1.3797253757812029
  14 1.2156889674869733
  15 1.2030578868726387
  16 1.0877541228263157
  17 0.7858619198333101
  18 0.5981907823588957
  19 0.5926203298001830
  20 0.5976850698759612
  21 0.5389997109258889
  22 0.4390414839032881
  23 0.2977157011435198
  24 0.4777756960151701
  25 0.6097542834270633
  26 0.4939409532530632
  27 0.4303244624709714
  28 0.4137084257191929
  29 0.4600959405568752
  30 0.3658771869333949
  31 0.3898259562744484
  32 0.3711109283997213
  33 0.2897788137598525
  34 0.4770636508703190
  35 0.4078447898120529
  36 0.4472587922327537
  37 0.5570463311196685
  38 0.5742762838150302
  39 0.5447175446653353
  40 0.5241556747726632
  41 0.5407802433331850
  42 0.5806925693097160
  43 0.5865684353346018
  44 0.5669151593061308
  45 0.5327338948900262
  46 0.5406710786561356
  47 0.6287248005078762
  48 0.5574293182347465
  49 0.3748354377202193
  50 0.4623486980461526
  51 0.4942516641410287
  52 0.6150444733012164
  53 0.4995655519893993
  54 0.3922935938410046
  55 0.4891079472067372
  56 0.5097387132333927
  57 0.6224414974223954
  58 0.4336632344328680
  59 0.5056600769977166
  60 0.6075063771961327
  61 0.5004036256940810
  62 0.6429618398887935
  63 0.5483504986076077
  64 0.5709416667688266
  65 0.4785204629914311
  66 0.5216330322684852
  67 0.4485478736539057
  68 0.4980564442237527
  69 0.5819804017736158
  70 0.5532374353555386
  71 0.4775824023604429
  72 0.5014628863911003
  73 0.4426080891200904
  74 0.5787873136776069
  75 0.4677219922393815
  76 0.5878948554706039
  77 0.6238448747029586
  78 0.5947181569147419
  79 0.4223037760117224
  80 0.3925921656759540
