   0 3.4910624636795751
   1 3.3855677546085436
   2 3.2819260617071428
   3 3.1907416161303002
   4 3.1010057052590976
   5 3.0447408788776453
   6 2.8720391891100996
   7 2.6738119888515377
   8 2.3449971813486350
   9 2.0308430354817890
  10 1.7926158768328400
  11 1.6190033233356842
  12 1.3167121661651828
  13 1.1192497172761866
  14 0.9875532241628681
  15 0.8925316375554945
  16 0.9202784832060875
  17 0.6287920722403544
  18 0.5022818059691062
  19 0.5138575313433505
  20 0.5785259096113423
  21 0.4054825884300950
  22 0.5464729202972011
  23 0.5057502373834979
  24 0.5258183705103670
  25 0.4961757351022545
  26 0.5892344163790478
  27 0.5984135155253808
  28 0.6513643644497499
  29 0.4962434798159508
  30 0.5506733499907688
  31 0.4969636307865025
  32 0.4173308278141872
  33 0.5085179336237031
  34 0.5578624433161405
  35 0.5185308241925289
  36 0.4234430914139626
  37 0.5546149089386625
  38 0.5555130427806386
  39 0.5665166990277578
  40 0.4051829573171603
  41 0.4686357197095058
  42 0.3976852423074774
  43 0.4314782951911593
  44 0.4443493984614184
  45 0.4394003956950598
  46 0.6057329814740054
  47 0.5318618896659951
  48 0.5304633389644231
  49 0.5627408328529735
  50 0.6142048597759138
  51 0.4916784810417564
  52 0.4936523140203699
  53 0.4628435100651703
  54 0.2994808284535109
  55 0.4357193227058588
  56 0.4088507978086499
  57 0.5025658547591927
  58 0.4376731208147392
  59 0.4959274672564005
  60 0.4952043746383089
  61 0.5289187401007224
  62 0.4756905636421138
  63 0.5533308020444185
  64 0.4469854046830964
  65 0.4772251863507562
  66 0.4491069159929885
  67 0.5072030238287299
  68 0.5263960256714642
  69 0.5561014382832528
  70 0.6054765871510036
  71 0.6978478630810008
  72 0.5054674559779145
  73 0.4462713209904658
  74 0.4895198828310354
  75 0.5290886147363579
  76 0.3736425789978305
  77 0.4394801078235595
  78 0.5496538908061641
  79 0.4999924083264126
  80 0.6509018649063003
