  0 3.4910624636795751
  1 3.3855677546085436
  2 3.2703005171982524
  3 3.1994728239471146
  4 3.1925414927117495
  5 3.1959085289086135
  6 3.0928906429492642
  7 2.7944187504407285
  8 2.5307161543671892
  9 2.2282756956568512
 10 1.9643377198979750
 11 1.6781039326811036
 12 1.3709214218936576
 13 1.2496409895975367
 14 1.2294038249444523
 15 0.9734168875760369
 16 0.7683108147404979
 17 0.6590694034819263
 18 0.5061444500132556
 19 0.4540853875920984
 20 0.4076718369822527
 21 0.4750324361379472
 22 0.4585293060582008
 23 0.4928909452342776
 24 0.4355340791724751
 25 0.3580400396040714
 26 0.4995124278520360
 27 0.5095863475251293
 28 0.4242013334010854
 29 0.4567514469604114
 30 0.5544625326327727
 31 0.5105711466635576
 32 0.4421262600864722
 33 0.4164619119443175
 34 0.4741024996460181
 35 0.5257409699270436
 36 0.6989176971315686
 37 0.6863441213398314
 38 0.4968325753207931
 39 0.4791878937718750
 40 0.5557248265146911
 41 0.4124573159449282
 42 0.4498007341475113
 43 0.3859263341039064
 44 0.4756897315680653
 45 0.3838897020004494
 46 0.4986924988250865
 47 0.5199910629513296
 48 0.5239344921816922
 49 0.4370202401684162
 50 0.4155948018932409
 51 0.5718741998647154
 52 0.4777521450701189
 53 0.4969499832372232
 54 0.4208747606452117
 55 0.4500931394224404
 56 0.5228759434857255
 57 0.5565823352193700
 58 0.4572573997593601
 59 0.4044602621408611
 60 0.5103135305072054
 61 0.4056359749142677
 62 0.4505997806041691
 63 0.3910017269241430
 64 0.5168007910936318
 65 0.4465956893077130
 66 0.5260268448496814
 67 0.4435562306915865
 68 0.3292192379902486
 69 0.5741313445833314
 70 0.7275989700377181
 71 0.6507566025268218
 72 0.5759618028674554
 73 0.3894583025460384
 74 0.2523572497810079
 75 0.4998993620471288
 76 0.3641795138141356
 77 0.5180142634748561
 78 0.5055641580138803
 79 0.5056307819680678
 80 0.4282632586303161
