  0 3.4910624636795751
  1 3.3287293022581004
  2 3.2976805386914161
  3 3.1586989099667662
  4 2.9788395025337566
  5 2.9375312555832682
  6 2.9140896856753424
  7 2.8523074296836133
  8 2.8283822627304653
  9 2.6510641350757203
 10 2.5791942640036689
 11 2.3974475078252047
 12 2.3652777370170956
 13 2.3459067018517752
 14 2.2403379788848814
 15 2.2383360956357015
 16 2.2521621909951586
 17 2.0572780127274823
 18 1.6857642733015950
 19 1.6806385834638395
 20 1.5827375163173567
 21 1.6246030523299178
 22 1.1414485980036344
 23 0.9968667766525797
 24 0.8937594805623106
 25 0.8285795747766193
 26 0.5972320622486982
 27 0.5344212460135945
 28 0.4761893868017539
 29 0.6036266950289981
 30 0.5989793306708394
 31 0.8441147650369111
 32 0.6949253553743412
 33 0.5716619546411921
 34 0.5221207057434618
 35 0.4525365277535156
 36 0.4204118863414468
 37 0.4758555977885811
 38 0.4802159189061597
 39 0.5566797120536752
 40 0.7966881939018244
 41 0.6385207965244050
 42 0.5171709395835314
 43 0.6432443527514051
 44 0.6532088598448790
 45 0.6419171102810234
 46 0.6642694619311778
 47 0.5183239808427549
 48 0.6897322152395801
 49 0.5366296009309762
 50 0.6009199932979938
 51 0.5443775817191262
 52 0.4932863056511033
 53 0.4734083670267961
 54 0.5854674067351190
 55 0.6041619123244216
 56 0.6261178924110795
 57 0.5377606899623002
 58 0.5477804451271647
 59 0.5680420743787541
 60 0.5534573178281824
 61 0.6124763565672806
 62 0.5292222157338408
 63 0.5394503463503995
 64 0.6091563431267273
 65 0.5158066618165555
 66 0.5331742781116373
 67 0.7251924428714686
 68 0.5721571002722011
 69 0.6039345682386440
 70 0.6581521474532814
 71 0.5311930855212830
 72 0.6598482429437623
 73 0.6256685401099134
 74 0.7070737670035935
 75 0.7560806623499581
 76 0.7252274712747564
 77 0.6468179084785789
 78 0.5678851448491375
 79 0.5486467733889093
 80 0.6187817841299750
