  0 3.4910624636795751
  1 3.3287293022581004
  2 3.2932893950426889
  3 3.0867658586807130
  4 2.9727391591150854
  5 2.9187394334174290
  6 2.8886050816054625
  7 2.8633907556900313
  8 2.7016341581665198
  9 2.5802813977124628
 10 2.5655158253697601
 11 2.5313967136058229
 12 2.4319130508692273
 13 2.3671647457459093
 14 2.1893096431984493
 15 2.0334834216112174
 16 1.9286182766540787
 17 1.8292495252748866
 18 1.6479158840816102
 19 1.4702717039521904
 20 1.3151178178939147
 21 1.2067431254335206
 22 1.2259941899689464
 23 1.0084902125147444
 24 0.8740833679333418
 25 0.7361548301145712
 26 0.6102514905553819
 27 0.6344969135919839
 28 0.6590147377233760
 29 0.6663995642024435
 30 0.6876934534415119
 31 0.6227091937621113
 32 0.5434752793606744
 33 0.3751158989325328
 34 0.5542012326190037
 35 0.5855287166893053
 36 0.5055041343657526
 37 0.5033372465420608
 38 0.5902924796347118
 39 0.4753019254961310
 40 0.4229685513918818
 41 0.4399216244532523
 42 0.4308133357515601
 43 0.6792189988743438
 44 0.8334562338499132
 45 0.6165705748006869
 46 0.5841860720435507
 47 0.6058324947182090
 48 0.5512961571675721
 49 0.5859438615928794
 50 0.7392868647927645
 51 0.7394660513617118
 52 0.7959070928227434
 53 0.5263469264200259
 54 0.5700563497278246
 55 0.5943847185699234
 56 0.7826272304430220
 57 0.6484885026701526
 58 0.5201254077497247
 59 0.6053620661331310
 60 0.4949672897162098
 61 0.6036048360419964
 62 0.7545058163160268
 63 0.4460458314001641
 64 0.6402753019244956
 65 0.4575683190698719
 66 0.6661911465155055
 67 0.5294937592466300
 68 0.6244064931249169
 69 0.5933712948066996
 70 0.5326502940574604
 71 0.7220028596137759
 72 0.4377664272140742
 73 0.6131171087727985
 74 0.6333432156685537
 75 0.6637430905970959
 76 0.6452540778446151
 77 0.7918102747277218
 78 0.6134878645379103
 79 0.7123937878376103
 80 0.6346944625580383
