  0 3.4910624636795751
  1 3.3287293022581004
  2 3.2522023808881473
  3 3.1049810965690208
  4 2.9464553125515831
  5 2.8797448674647672
  6 2.7217337199234191
  7 2.6525037144302979
  8 2.5793751219464633
  9 2.5085605955622614
 10 2.3148341206414336
 11 2.2577869421332437
 12 2.0110417841992114
 13 1.9701807368729245
 14 1.7699672167291691
 15 1.6467894643795524
 16 1.6293315820923848
 17 1.4492340829080941
 18 1.3778848665932397
 19 1.2934395616592349
 20 1.2276957092669636
 21 1.1922571684538759
 22 0.9329858434577013
 23 0.7886284936756145
 24 0.6921220509207167
 25 0.6414030380786193
 26 0.5467422610047413
 27 0.6410906239330424
 28 0.5135335164082248
 29 0.4990877292058567
 30 0.4846484457009340
 31 0.5451527947554583
 32 0.5554187225660006
 33 0.5448372192139485
 34 0.6261526321735690
 35 0.7007027294671559
 36 0.6188768441185916
 37 0.6301977115006347
 38 0.6744033612350465
 39 0.6837089532407906
 40 0.5927676268778153
 41 0.5384487111781787
 42 0.4908082763076781
 43 0.5032238293482965
 44 0.7183413107757565
 45 0.5761064026387178
 46 0.6217162395629181
 47 0.5133723394542292
 48 0.6335329657660429
 49 0.6589164371594409
 50 0.4675650106292354
 51 0.7095144906143510
 52 0.6106710596727225
 53 0.7159553676541333
 54 0.6502276943561729
 55 0.6259533059780835
 56 0.6259216001897653
 57 0.6818852848554732
 58 0.6618274119512225
 59 0.6009122085440455
 60 0.6275300841830551
 61 0.6326498566021374
 62 0.6013135334318801
 63 0.5584456068008240
 64 0.5696850267482879
 65 0.6195578033620799
 66 0.6634121544254464
 67 0.6094017821731931
 68 0.5795073219597450
 69 0.5740963215075133
 70 0.5846924259155948
 71 0.8221688230900677
 72 0.7126137435920578
 73 0.8074255072257401
 74 0.6498431254382210
 75 0.4905847747270609
 76 0.5262420034021251
 77 0.6290550523513591
 78 0.7256266206140723
 79 0.8272796799649629
 80 0.6271948093004082
