  0  3.4910624636795751
  4  3.3579477466243701
  7  3.1037621590649067
 11  3.1273379390883722
 13  2.9908070687890760
 14  2.9434657984685582
 19  2.8145214234582503
 21  2.6275542420583324
 22  2.4991304032785417
 26  2.3323692432049086
 27  2.1653878330620300
 28  2.0461831957250491
 29  1.9245993982249820
 30  1.8793150337282774
 31  1.7864457182841005
 32  1.7043101571774675
 34  1.6436319390263836
 37  1.5576406385774240
 41  1.5673085073014010
 46  1.3822110910689567
 47  1.2690643772963224
 48  1.1985515811408274
 51  1.1345231800402003
 53  1.0803356485089604
 56  1.0902736564592810
 58  1.1114409503371105
 63  1.0834093238131026
 65  1.0275746956863669
 66  0.9734349841393489
 68  0.7342177501188605
 69  0.4733488998149886
 70  0.4370510254992551
 72  0.3919624667288181
 74  0.3589557430116864
 78  0.3463304986609812
 79  0.4226907256742030
 80  0.4752708751475975
