  0  3.4910624636795751
  4  3.3588014037063414
  7  3.1125378753400530
  9  3.1047410185010511
 11  3.1600759361713160
 14  2.8658916822549960
 17  2.8156477396563209
 18  2.6872540384838306
 19  2.5358019628381459
 22  2.2994465633185275
 24  2.1755113465460485
 25  2.1396181989731766
 26  2.0192094123999369
 37  1.8025056557457553
 41  1.7157584648527684
 43  1.5834623252757063
 44  1.4662250445910803
 47  1.2997468942195016
 48  1.1609100413226197
 49  1.0219699652604426
 50  0.9031106929715814
 55  0.8192778275117579
 57  0.7418293474008815
 60  0.7154996099110232
 65  0.6924073196474604
 67  0.6552108213115748
 71  0.5948551707973825
 72  0.5627136199525264
 74  0.5628538058131262
 81  0.5494319710194521
