  0  3.4910624636795751
  4  3.3567978195888539
  7  3.0972850479452205
 10  3.1012004936500959
 14  2.9513520916547549
 15  2.8182329360852538
 16  2.7498416802683412
 19  2.5758469874493950
 22  2.4529300980914996
 23  2.2879364898222159
 24  2.1750910652016229
 28  2.1212807439251735
 29  1.9792045557725249
 30  1.8319786449016033
 32  1.8160934798214317
 34  1.7399645903829120
 37  1.6591761724226293
 39  1.6613537322718792
 41  1.6058200037630210
 43  1.5905121419567581
 46  1.5941914648510322
 52  1.6090060536062736
 55  1.4393027323037808
 57  1.3835885118219091
 58  1.4525679038688146
 59  1.4136829697290549
 61  1.3598218683532042
 62  1.4657604910894539
 63  1.2613076871873765
 69  1.2564382464307526
 72  1.0699862181248767
 74  0.9694518162121192
 75  0.9490920280689142
 78  0.9060142747538915
 79  0.7625258059589664
 80  0.6819420613418894
