  0     3.0571496934800231
  1     2.3518740734934691
  2     1.9017208431326047
  3     1.7220834742890594
  4     1.5579005879647798
  5     1.5274297333798581
  6     1.6881779971851094
  7     1.6792826795262998
  8     1.6460256880107114
  9     1.5287998835214551
 10     1.6086308383800119
 11     1.6153727648360396
 12     1.6738450348404164
 13     1.5835501387208879
 14     1.5180622401036505
 15     1.3018853908047894
 16     1.0312467649856005
 17     1.0182837139639347
 18     1.1142267182916503
 19     0.8632598061312187
 20     0.9183880605941294
 21     0.8490997494530766
 22     0.6976909236407650
 23     0.6165780416168639
 24     0.5018803855104260
 25     0.3764940515829074
 26     0.3760093789836130
 27     0.2591089025610748
 28     0.2274356472733147
 29     0.0572358463480951
 30     0.0569810015053722
 31     0.1366581503387553
 32     0.3105722708251121
 33     0.1281647516154689
 34     0.2627777160226055
 35     0.0459560741557407
 36     0.1365179293530606
 37     0.1513218511987472
 38     0.1772251891646752
 39     0.2469925461975713
 40     0.2108816689159429
 41     0.1087179441958504
 42     0.3414579103690701
 43     0.4101668384990316
 44     0.3104286658664991
 45     0.1861644216420308
 46     0.2165411055348780
 47     0.2920506158129344
 48     0.1568507916495432
 49     0.0472836034822870
 50     0.2055291458541595
 51     0.2609446470532806
 52     0.1482581009338120
 53     0.1824132529155923
 54     0.2640618128227131
 55     0.2847025654984845
 56     0.0969612404744355
 57     0.1104782753979085
 58     0.0831591502720825
 59     0.2896037511952930
 60     0.1861447304414592
 61     0.1289523134609846
 62     0.3237937859563628
 63     0.2924196431725160
 64     0.3051782320993845
 65     0.4130469643579044
 66     0.3961860417957576
 67     0.1763215409092631
 68     0.1593281580712120
 69     0.0772131580959115
 70     0.2854330354990344
