  0     3.0571496934800231
  1     2.8439677465463307
  2     2.6374157887836986
  3     2.4274842717145546
  4     2.2225393587904239
  5     2.0397932790135647
  6     1.8796289591345898
  7     1.7537779946295631
  8     1.6809556484456947
  9     1.6461207540237528
 10     1.6538003025097192
 11     1.6983278052278670
 12     1.7641320190584677
 13     1.8193976955846711
 14     1.8648811608908922
 15     1.9111602190301453
 16     1.9427650336543882
 17     1.9673646191605978
 18     1.9812066077623987
 19     1.9920642924386214
 20     1.9979002813302700
 21     1.9793087839110162
 22     1.9333087749914597
 23     1.8668837391150088
 24     1.7888712905259250
 25     1.6875240959428619
 26     1.5861171794074731
 27     1.4832054237200896
 28     1.3587119883419247
 29     1.2586800927034087
 30     1.1669697825762209
 31     1.0943126537863039
 32     1.0222048530528149
 33     0.9617908429192453
 34     0.9144610339001336
 35     0.8716648976209072
 36     0.8307915893011847
 37     0.8018309933529626
 38     0.7636960068495852
 39     0.7269333180856143
 40     0.6883708175963802
 41     0.6041580772941101
 42     0.5000116096424360
 43     0.4128048911945500
 44     0.3100128625591173
 45     0.1927462540838341
 46     0.0793650801795732
 47     0.0349609939318946
 48     0.1653773885656633
 49     0.2596780308961212
 50     0.3291847074606123
 51     0.3904245053553907
 52     0.4755721587186616
 53     0.5549938503848604
 54     0.6445208058287158
 55     0.6873622483013180
 56     0.7240696320360087
 57     0.7581295232004196
 58     0.8005950331312026
 59     0.8137031768334008
 60     0.8187461237723981
 61     0.7807167354979616
 62     0.6942625066767897
 63     0.5837736316671653
 64     0.4995621927080879
 65     0.4503233389753049
 66     0.4104948273366496
 67     0.3587700440641014
 68     0.3400676007854808
 69     0.3217395739833775
 70     0.3429799246298515
