  0     3.0571496934800351
  1     2.7403575983602755
  2     2.4586658745335215
  3     2.2028191754527469
  4     1.9745135842350225
  5     1.7738461200943396
  6     1.6227923907926520
  7     1.6831880895115121
  8     1.6892320272434118
  9     1.5912816095658107
 10     1.3739371543282470
 11     1.3754069163827431
 12     1.3050661956548220
 13     1.1996948369232465
 14     1.0021554263473400
 15     0.7881498729518571
 16     0.6546309701615842
 17     0.4886943851138217
 18     0.2927200881186823
 19     0.3332885918343779
 20     0.2183431654351553
 21     0.1167857169604897
 22     0.1876453767941611
 23     0.0904603514909345
 24     0.2042940235834972
 25     0.1608088461004616
 26     0.0899174012294580
 27     0.0798974518045981
 28     0.0958130751167330
 29     0.2175405710177742
 30     0.1346225207166223
 31     0.1648190425829133
 32     0.0719855894098275
 33     0.1052895313690848
 34     0.2166170366578895
 35     0.2698670175744198
 36     0.3046072589760712
 37     0.4697294852742816
 38     0.4702313481344083
 39     0.5254703233211905
 40     0.3601649484960658
 41     0.1672913258417449
 42     0.1556311183481322
 43     0.1066656338474430
 44     0.3417909313735601
 45     0.2485447028511897
 46     0.1626616304020548
 47     0.1244786544334889
 48     0.1988393173650801
 49     0.2186380378682354
 50     0.3543332428578196
 51     0.3109560355479865
 52     0.2914449247978127
 53     0.2160745326635675
 54     0.2951091268565781
 55     0.1921123807465963
 56     0.2572910598858671
 57     0.2118995042417150
 58     0.3621541410158265
 59     0.4656040077779408
 60     0.4364827196295666
 61     0.2816870005397295
 62     0.1348768735912264
 63     0.3462890233527546
 64     0.2720184698181110
 65     0.1598530404986507
 66     0.0661394070039246
 67     0.1761670862741538
 68     0.2824995663302050
 69     0.2857935869368081
 70     0.2010667645328885
