  0     3.0571496934800231
  1     2.3518740734934691
  2     1.9487049593012893
  3     1.8324426083357328
  4     1.7355514735338042
  5     1.6382104253454111
  6     1.4969963004119879
  7     1.5317985352437171
  8     1.4710346885306809
  9     1.4517927603558274
 10     1.3248609633165136
 11     1.1936435302683197
 12     1.1181239403788816
 13     1.1785090013557471
 14     1.1381912167685722
 15     1.0143164996788951
 16     0.9063496243958583
 17     0.8654257486781546
 18     0.7050796974180290
 19     0.5901723584536349
 20     0.5876040992721306
 21     0.6050747073770395
 22     0.5747153231199050
 23     0.4609454184783501
 24     0.4359441826517309
 25     0.4828032487239209
 26     0.3717671062195347
 27     0.2100272953588343
 28     0.1725489550335125
 29     0.1293522094968650
 30     0.1497502752000937
 31     0.1104609797386225
 32     0.1805491083087144
 33     0.3512216768074214
 34     0.3404455257389106
 35     0.1884546437260654
 36     0.0473528687395633
 37     0.0961236241294343
 38     0.0450855317282783
 39     0.0997591700876111
 40     0.1424981867559964
 41     0.1978549451741162
 42     0.1513841762162637
 43     0.1562432429468930
 44     0.2247682051017824
 45     0.1115138555795669
 46     0.1177362642553005
 47     0.1113736309805449
 48     0.1233853330300321
 49     0.1939250835241930
 50     0.2360620702982783
 51     0.1171378260676379
 52     0.1663513151961445
 53     0.1150721714479723
 54     0.0859527285747550
 55     0.1080311826440547
 56     0.1032769679264037
 57     0.1045995258368892
 58     0.3229325748868883
 59     0.2736195824891993
 60     0.3627342515296528
 61     0.1575533892055294
 62     0.1538419585635887
 63     0.0970368502662798
 64     0.0547114865849261
 65     0.0836493224327990
 66     0.1028884700052191
 67     0.1335307326773825
 68     0.2021953363238496
 69     0.1297871277488577
 70     0.0981343087592677
