  1 -63.7551175588355719
  2 -63.7542961653433125
  3 -63.7550572379570113
  4 -63.7529580051610623
  5 -63.7503061887649025
  6 -63.7540654760183116
  7 -63.7556284749761275
  8 -63.7538253596054716
  9 -63.7534618685566130
 10 -63.7526358992201096
 11 -63.7543131602638482
 12 -63.7531690659385077
 13 -63.7542949507444447
 14 -63.7532521253990296
 15 -63.7549319861210293
 16 -63.7545452557527170
 17 -63.7548631710113654
 18 -63.7545853969835576
 19 -63.7559191467076687
 20 -63.7553602445241836
